If found, please contact tlang@live.unc.edu
Firmware updated: 2023/03/14
OpenOBS SN:301

time,ambient_light,backscatter,pressure,water_temp,battery
1683849862,0,22799,8658,1769,421
1683850162,0,22790,8662,1766,415
1683850462,0,22891,8661,1765,415
1683850762,0,22893,8663,1762,415
1683851062,0,22964,8664,1762,415
1683851362,0,22953,8661,1760,414
1683851662,0,22969,8662,1757,413
1683851962,0,23004,8660,1753,413
1683852262,0,23050,8661,1749,413
1683852562,0,23135,8661,1744,413
1683852862,0,23161,8660,1737,415
1683853162,0,23248,8656,1731,415
1683853462,0,23273,8658,1723,413
1683853762,0,23323,8659,1717,413
1683854062,0,23389,8657,1712,413
1683854362,0,23430,8658,1707,413
1683854662,0,23483,8655,1704,415
1683854962,0,23480,8657,1701,415
1683855262,0,23540,8659,1698,415
1683855562,0,23573,8658,1694,413
1683855862,0,23580,8660,1691,415
1683856162,0,23559,8662,1690,415
1683856462,0,23588,8665,1689,415
1683856762,0,23603,8666,1687,415
1683857062,0,23618,8669,1687,416
1683857362,0,23641,8667,1686,415
1683857662,0,23613,8669,1684,414
1683857962,0,23666,8667,1679,415
1683858262,0,23701,8666,1676,416
1683858562,0,23787,8667,1671,415
1683858862,0,23654,8664,1668,415
1683859162,0,23768,8661,1661,414
1683859462,0,23770,8661,1653,414
1683859762,0,23803,8658,1645,415
1683860062,0,23891,8658,1637,415
1683860362,0,23933,8658,1629,415
1683860662,0,24023,8657,1620,415
1683860962,0,24154,8658,1612,415
1683861262,0,24733,8656,1602,415
1683861562,0,27133,8655,1593,414
1683861862,0,31270,8654,1582,414
1683862162,0,33543,8653,1571,415
1683862462,0,33829,8653,1561,415
1683862762,0,33967,8653,1550,414
1683863062,0,34068,8651,1539,415
1683863362,0,34132,8654,1531,414
1683863662,0,34182,8653,1524,415
1683863962,0,34213,8651,1519,413
1683864262,0,34235,8655,1516,413
1683864562,0,34229,8656,1516,413
1683864862,0,34229,8656,1516,416
1683865162,0,34212,8656,1516,416
1683865462,0,34210,8657,1515,413
1683865762,0,33986,8656,1516,413
1683866062,0,34162,8657,1513,413
1683866362,0,34220,8656,1507,413
1683866662,0,34276,8658,1501,414
1683866962,0,34319,8660,1492,413
1683867262,0,34371,8659,1486,413
1683867562,2,34421,8658,1477,413
1683867862,7,34462,8659,1470,413
1683868162,16,34494,8659,1462,413
1683868462,32,34538,8661,1458,413
1683868762,59,34578,8659,1457,413
1683869062,104,34607,8659,1444,414
1683869362,164,34649,8660,1437,414
1683869662,240,34671,8659,1433,413
1683869962,331,34703,8663,1427,413
1683870262,438,34724,8661,1424,413
1683870562,554,34752,8660,1427,414
1683870862,686,34771,8659,1431,415
1683871162,826,34804,8660,1436,414
1683871462,982,34826,8660,1440,414
1683871762,1139,34828,8660,1448,414
1683872062,1316,34865,8664,1482,415
1683872362,1491,34887,8663,1493,415
1683872662,1642,34913,8664,1487,415
1683872962,1818,34931,8664,1481,415
1683873262,2024,34954,8665,1484,415
1683873562,2220,34954,8666,1492,415
1683873862,2384,34956,8667,1499,415
1683874162,2535,34961,8669,1508,415
1683874462,2723,34951,8670,1525,417
1683874762,2872,34950,8671,1538,415
1683875062,3023,34943,8671,1550,415
1683875362,2346,34273,8671,1565,415
1683875662,3352,34621,8674,1582,417
1683875962,3187,34629,8675,1591,417
1683876262,3137,34551,8677,1604,417
1683876562,3448,34695,8675,1612,415
1683876862,3092,34424,8676,1624,415
1683877162,3375,34160,8675,1636,416
1683877462,2801,30645,8676,1652,417
1683877762,2906,30626,8678,1673,417
1683878062,2545,28703,8678,1683,417
1683878362,2366,27536,8678,1700,417
1683878662,2366,26673,8679,1710,417
1683878962,2107,26104,8679,1721,419
1683879262,1996,25848,8679,1740,417
1683879562,2015,25972,8677,1752,420
1683879862,1857,25802,8679,1762,417
1683880162,1719,25809,8680,1777,418
1683880462,1713,25817,8683,1787,417
1683880762,1666,25868,8681,1801,417
1683881062,1571,25906,8683,1820,418
1683881362,1532,25919,8683,1836,417
1683881662,1539,25921,8683,1845,417
1683881962,1469,25930,8684,1861,417
1683882262,1448,25941,8684,1878,417
1683882562,1346,26117,8683,1895,418
1683882862,1660,26155,8683,1915,419
1683883162,1614,26205,8684,1934,418
1683883462,1543,26213,8685,1948,417
1683883762,1550,26178,8685,1966,418
1683884062,1507,26159,8681,1984,418
1683884362,1368,26184,8684,2002,418
1683884662,1460,26210,8685,2020,419
1683884962,1480,26224,8682,2042,418
1683885262,1443,26212,8683,2061,418
1683885562,1467,26232,8680,2080,418
1683885862,1469,26275,8682,2099,418
1683886162,1435,26334,8681,2113,419
1683886462,1477,26302,8679,2130,419
1683886762,1452,26349,8678,2141,419
1683887062,1394,26393,8680,2153,419
1683887362,1373,26410,8679,2178,418
1683887662,1428,26414,8676,2204,418
1683887962,1409,26413,8677,2222,418
1683888262,1511,26576,8676,2238,419
1683888562,1305,26545,8678,2250,419
1683888862,1478,26612,8675,2250,419
1683889162,1537,26637,8673,2262,419
1683889462,1482,26686,8673,2271,417
1683889762,1607,26716,8673,2286,419
1683890062,1700,26749,8674,2298,422
1683890362,1464,26749,8672,2313,419
1683890662,1536,26778,8670,2334,419
1683890962,1495,26814,8669,2349,422
1683891262,1463,26833,8670,2364,419
1683891562,1365,26839,8666,2384,422
1683891862,1254,26850,8668,2401,420
1683892162,1352,26873,8665,2413,420
1683892462,1268,26877,8665,2428,419
1683892762,1276,26875,8666,2446,418
1683893062,1203,26899,8662,2465,418
1683893362,1239,26904,8662,2485,419
1683893662,1254,26917,8662,2494,418
1683893962,1199,26917,8659,2501,422
1683894262,1116,26953,8663,2512,419
1683894562,1089,26962,8662,2512,421
1683894862,1137,26982,8660,2514,421
1683895162,1088,27000,8660,2525,419
1683895462,1056,27013,8660,2527,421
1683895762,1064,27012,8661,2546,422
1683896062,1049,27055,8660,2567,420
1683896362,1020,27048,8658,2587,420
1683896662,1023,27054,8654,2598,419
1683896962,962,27065,8656,2601,420
1683897262,981,27060,8659,2593,420
1683897562,1012,27115,8653,2609,418
1683897862,957,27135,8654,2594,418
1683898162,934,27117,8652,2605,421
1683898462,954,27295,8651,2603,421
1683898762,943,27249,8650,2597,420
1683899062,1066,27318,8649,2600,420
1683899362,1164,27318,8644,2602,420
1683899662,1149,27406,8643,2588,420
1683899962,1207,27537,8644,2577,420
1683900262,1395,28213,8641,2577,420
1683900562,1334,28543,8641,2554,420
1683900862,2169,34513,8635,2524,420
1683901162,1522,29984,8638,2532,420
1683901462,1797,32959,8637,2548,420
1683901762,2132,34595,8632,2551,420
1683902062,2097,34834,8631,2526,418
1683902362,1681,34944,8633,2508,420
1683902662,1846,35011,8634,2480,418
1683902962,1825,35114,8631,2437,420
1683903262,1756,35182,8633,2417,418
1683903562,1604,34116,8636,2431,421
1683903862,1862,33511,8633,2431,419
1683904162,1935,33694,8630,2424,419
1683904462,1901,33763,8630,2416,420
1683904762,1894,33791,8630,2419,418
1683905062,1829,33787,8627,2414,418
1683905362,1803,33801,8626,2394,418
1683905662,1758,33852,8623,2361,418
1683905962,1495,34010,8624,2342,418
1683906262,1612,34590,8622,2321,421
1683906562,1589,35014,8620,2308,419
1683906862,1546,35888,8620,2277,421
1683907162,1488,36179,8618,2257,420
1683907462,1447,36337,8620,2273,419
1683907762,1413,36649,8622,2238,419
1683908062,1381,37451,8622,2188,419
1683908362,1337,38504,8625,2165,419
1683908662,1279,39835,8623,2119,423
1683908962,1233,40775,8623,2093,419
1683909262,1176,42861,8624,2172,419
1683909562,1104,45516,8622,2205,420
1683909862,1030,47806,8624,2199,420
1683910162,937,49487,8622,2180,423
1683910462,858,49938,8621,2185,419
1683910762,791,50240,8618,2188,419
1683911062,706,51029,8622,2136,419
1683911362,619,51833,8622,2144,420
1683911662,562,52045,8622,2120,419
1683911962,517,52107,8625,2067,419
1683912262,464,52275,8623,2045,421
1683912562,429,52340,8622,2037,419
1683912862,389,52395,8620,2074,419
1683913162,344,52621,8624,2095,418
1683913462,300,52884,8625,2083,422
1683913762,259,52988,8622,2069,420
1683914062,229,53039,8625,2066,421
1683914362,197,53055,8625,2080,419
1683914662,170,53064,8626,2075,418
1683914962,143,53081,8625,2083,418
1683915262,116,53090,8625,2074,418
1683915562,95,53098,8631,2068,420
1683915862,74,53137,8637,2092,419
1683916162,54,53034,8637,2105,419
1683916462,39,52861,8636,2091,419
1683916762,23,52741,8636,2064,419
1683917062,13,52639,8636,2053,419
1683917362,5,52565,8638,2043,420
1683917662,2,52542,8635,2032,419
1683917962,0,52565,8635,2017,420
1683918262,0,52577,8637,2011,419
1683918562,0,52545,8635,2002,419
1683918862,0,52555,8637,1994,419
1683919162,0,52573,8633,1981,419
1683919462,0,52579,8638,1960,419
1683919762,0,52300,8638,1929,418
1683920062,0,52403,8640,1895,419
1683920362,0,52496,8641,1870,419
1683920662,0,52580,8640,1857,419
1683920962,0,52587,8641,1852,419
1683921262,0,52601,8641,1854,419
1683921562,0,52583,8643,1858,419
1683921862,0,52593,8644,1865,419
1683922162,0,52445,8642,1866,418
1683922462,0,52332,8645,1892,419
1683922762,0,52444,8646,1916,419
1683923062,0,52506,8646,1929,419
1683923362,0,52563,8645,1935,418
1683923662,0,52623,8647,1934,418
1683923962,0,52567,8647,1921,419
1683924262,0,52580,8649,1921,418
1683924562,0,52666,8650,1931,419
1683924862,0,52710,8648,1945,418
1683925162,0,52667,8647,1929,420
1683925462,0,52603,8651,1919,419
1683925762,0,52465,8648,1912,418
1683926062,0,52276,8650,1906,419
1683926362,0,52245,8651,1912,419
1683926662,0,52307,8648,1926,419
1683926962,0,52204,8650,1906,419
1683927262,0,51877,8650,1895,419
1683927562,0,51709,8651,1891,419
1683927862,0,51817,8652,1890,419
1683928162,0,51865,8653,1890,419
1683928462,0,51911,8652,1879,419
1683928762,0,51891,8653,1878,419
1683929062,0,51817,8655,1876,419
1683929362,0,51712,8652,1870,419
1683929662,0,51652,8654,1862,421
1683929962,0,51516,8656,1856,418
1683930262,0,51657,8656,1854,421
1683930562,0,51583,8655,1848,421
1683930862,0,51285,8654,1843,418
1683931162,0,51197,8654,1841,418
1683931462,0,51189,8657,1840,419
1683931762,0,51332,8656,1837,418
1683932062,0,51375,8656,1845,419
1683932362,0,51576,8658,1862,418
1683932662,0,51804,8662,1879,418
1683932962,0,51547,8667,1895,420
1683933262,0,51020,8669,1902,418
1683933562,0,47810,8670,1902,419
1683933862,0,33491,8675,1904,419
1683934162,0,23647,8673,1910,419
1683934462,0,23629,8673,1911,418
1683934762,0,23835,8675,1906,418