If found, please contact tlang@live.unc.edu
Firmware updated: 2023/03/14
OpenOBS SN:301

time,ambient_light,backscatter,pressure,water_temp,battery
1683158662,0,28112,8946,1779,416
1683158962,0,27740,8941,1774,408
1683159262,0,27614,8939,1768,411
1683159562,0,30125,8942,1762,411
1683159862,0,29226,8937,1758,410
1683160162,0,25081,8938,1753,410
1683160462,0,24837,8934,1748,409
1683160762,0,25251,8927,1743,409
1683161062,0,26269,8927,1739,411
1683161362,0,25407,8927,1734,409
1683161662,0,27008,8920,1729,411
1683161962,0,25149,8922,1725,411
1683162262,0,26323,8917,1720,411
1683162562,0,26299,8917,1717,411
1683162862,0,25540,8916,1712,411
1683163162,0,26050,8915,1709,411
1683163462,0,25766,8912,1704,409
1683163762,0,25893,8909,1702,411
1683164062,0,25299,8907,1699,411
1683164362,0,25218,8906,1695,411
1683164662,0,25166,8904,1693,411
1683164962,0,23910,8900,1690,411
1683165262,0,23808,8902,1687,411
1683165562,0,23869,8898,1685,408
1683165862,0,23361,8896,1682,411
1683166162,0,24033,8897,1679,411
1683166462,0,23963,8894,1677,412
1683166762,0,23746,8890,1675,408
1683167062,0,23680,8887,1671,413
1683167362,0,23761,8889,1670,411
1683167662,0,23789,8888,1668,412
1683167962,0,23652,8887,1666,409
1683168262,0,23127,8886,1662,410
1683168562,0,23336,8882,1662,411
1683168862,0,23401,8883,1658,411
1683169162,0,23245,8880,1656,410
1683169462,0,24262,8881,1654,411
1683169762,0,23729,8880,1652,409
1683170062,0,24040,8876,1650,411
1683170362,0,23236,8878,1649,413
1683170662,0,22898,8873,1645,411
1683170962,0,22069,8871,1644,411
1683171262,0,22067,8871,1642,410
1683171562,0,21916,8869,1640,411
1683171862,0,21943,8871,1637,410
1683172162,0,21878,8873,1635,411
1683172462,0,21737,8868,1632,410
1683172762,0,21906,8871,1629,411
1683173062,0,21675,8871,1627,410
1683173362,0,20799,8868,1625,410
1683173662,0,20431,8871,1624,411
1683173962,0,20337,8873,1621,410
1683174262,0,19884,8869,1620,410
1683174562,0,19805,8872,1619,411
1683174862,0,19659,8872,1618,411
1683175162,0,19816,8870,1616,410
1683175462,0,19109,8870,1615,410
1683175762,0,18522,8868,1614,411
1683176062,0,19103,8869,1612,411
1683176362,0,18304,8865,1612,411
1683176662,0,18708,8864,1612,410
1683176962,0,19752,8867,1611,411
1683177262,0,19096,8867,1610,411
1683177562,0,17975,8867,1612,409
1683177862,0,17739,8867,1611,411
1683178162,0,17987,8867,1608,410
1683178462,0,18257,8869,1606,411
1683178762,0,17521,8868,1606,410
1683179062,0,18231,8866,1604,411
1683179362,0,17505,8868,1604,410
1683179662,0,18959,8867,1603,412
1683179962,0,18266,8864,1602,411
1683180262,0,18692,8866,1602,410
1683180562,0,17066,8868,1601,410
1683180862,0,16097,8870,1600,410
1683181162,0,16167,8863,1600,411
1683181462,0,15822,8850,1600,410
1683181762,0,16042,8856,1600,412
1683182062,0,16032,8861,1602,412
1683182362,0,16685,8863,1603,410
1683182662,0,16133,8864,1606,410
1683182962,0,15760,8864,1609,410
1683183262,0,16079,8866,1612,411
1683183562,0,16321,8865,1614,410
1683183862,0,15980,8865,1616,410
1683184162,0,16011,8867,1616,410
1683184462,0,15857,8866,1618,410
1683184762,0,15886,8865,1617,411
1683185062,0,16922,8867,1618,411
1683185362,0,15698,8867,1619,410
1683185662,0,15849,8870,1619,411
1683185962,0,15389,8869,1620,412
1683186262,0,15270,8871,1623,411
1683186562,0,15104,8871,1624,412
1683186862,0,15223,8869,1625,411
1683187162,0,15567,8870,1625,411
1683187462,0,15584,8872,1626,411
1683187762,2,15751,8871,1629,411
1683188062,2,16152,8871,1633,412
1683188362,3,15023,8871,1636,412
1683188662,3,14936,8872,1637,412
1683188962,4,14973,8873,1640,411
1683189262,1,14849,8872,1643,411
1683189562,3,14674,8873,1645,411
1683189862,3,14544,8875,1645,412
1683190162,3,14899,8876,1648,412
1683190462,3,14736,8876,1648,411
1683190762,3,15008,8876,1649,412
1683191062,3,14761,8876,1652,412
1683191362,1,15126,8872,1654,412
1683191662,2,15376,8876,1659,413
1683191962,1,15183,8875,1662,413
1683192262,3,15247,8876,1662,414
1683192562,4,15511,8874,1662,411
1683192862,2,15498,8871,1664,413
1683193162,3,15314,8876,1666,414
1683193462,2,15480,8876,1667,411
1683193762,2,15602,8874,1669,411
1683194062,3,16271,8873,1670,410
1683194362,4,15228,8876,1670,411
1683194662,4,15184,8879,1671,411
1683194962,3,15604,8876,1673,412
1683195262,3,15280,8874,1676,411
1683195562,3,15283,8876,1676,410
1683195862,3,15271,8876,1676,412
1683196162,2,14778,8877,1677,414
1683196462,3,15353,8877,1677,410
1683196762,2,15206,8878,1678,415
1683197062,1,14655,8877,1674,410
1683197362,1,14690,8879,1674,411
1683197662,1,14815,8878,1673,412
1683197962,0,14594,8882,1671,412
1683198262,1,14823,8883,1670,413
1683198562,2,14289,8882,1670,412
1683198862,4,14780,8882,1670,413
1683199162,5,15088,8883,1670,413
1683199462,6,14900,8884,1670,413
1683199762,6,15088,8882,1670,414
1683200062,5,15424,8884,1670,412
1683200362,4,15153,8884,1670,412
1683200662,4,15069,8883,1669,413
1683200962,3,15000,8882,1668,412
1683201262,2,15412,8888,1668,411
1683201562,0,15591,8892,1669,413
1683201862,0,15325,8892,1669,415
1683202162,0,15898,8891,1670,412
1683202462,0,16028,8895,1670,415
1683202762,0,16379,8893,1671,411
1683203062,0,14236,8892,1674,412
1683203362,0,15217,8894,1677,415
1683203662,0,13886,8890,1681,412
1683203962,0,13429,8894,1684,411
1683204262,0,13554,8895,1687,415
1683204562,0,13706,8895,1694,415
1683204862,0,11239,8893,1699,412
1683205162,0,11478,8893,1701,413
1683205462,0,11715,8892,1701,411
1683205762,0,11137,8891,1699,414
1683206062,0,11613,8890,1698,412
1683206362,0,11471,8890,1700,413
1683206662,0,11797,8887,1701,414
1683206962,0,12168,8888,1703,412
1683207262,0,11747,8886,1704,413
1683207562,0,12072,8886,1704,411
1683207862,0,12291,8888,1704,412
1683208162,0,12627,8885,1704,413
1683208462,0,12211,8886,1706,414
1683208762,0,12332,8885,1707,412
1683209062,0,12476,8883,1708,411
1683209362,0,12788,8885,1710,412
1683209662,0,12566,8883,1710,411
1683209962,0,12508,8883,1711,412
1683210262,0,12340,8884,1712,411
1683210562,0,12611,8888,1714,414
1683210862,0,12597,8891,1715,414
1683211162,0,13190,8898,1715,414
1683211462,0,12964,8906,1715,413
1683211762,0,12689,8915,1715,414
1683212062,0,12842,8920,1715,413
1683212362,0,13124,8924,1717,413
1683212662,0,13241,8933,1718,412
1683212962,0,13801,8944,1720,412
1683213262,0,13871,8961,1725,412
1683213562,0,14358,8971,1729,411
1683213862,0,14759,8986,1733,412
1683214162,0,15457,8996,1735,412
1683214462,0,16403,8999,1737,411
1683214762,0,16581,9001,1737,412
1683215062,0,16960,9002,1739,412
1683215362,0,16916,9001,1741,413
1683215662,0,17865,8998,1743,412
1683215962,0,17795,8996,1744,413
1683216262,0,18062,9000,1745,413
1683216562,0,18334,8996,1748,414
1683216862,0,18350,8992,1752,415
1683217162,0,18586,8993,1754,413
1683217462,0,18901,8989,1757,413
1683217762,0,19003,8985,1758,413
1683218062,0,19367,8985,1759,414
1683218362,0,19542,8984,1760,414
1683218662,0,19698,8984,1762,414
1683218962,0,19929,8981,1767,413
1683219262,0,20140,8980,1770,414
1683219562,0,20143,8983,1773,414
1683219862,0,20205,8973,1771,414
1683220162,0,20645,8975,1770,415
1683220462,0,20449,8974,1769,414
1683220762,0,20235,8968,1766,414
1683221062,0,20317,8966,1762,414
1683221362,0,19440,8966,1759,414
1683221662,0,19607,8964,1756,414
1683221962,0,19714,8958,1753,414
1683222262,0,19692,8961,1750,414
1683222562,0,19451,8960,1748,414
1683222862,0,19632,8955,1746,414
1683223162,0,19534,8953,1745,414
1683223462,0,20076,8954,1744,414
1683223762,0,19809,8950,1742,413
1683224062,0,19743,8948,1739,412
1683224362,0,20339,8944,1737,414
1683224662,0,19690,8947,1734,414
1683224962,0,20169,8940,1732,413
1683225262,0,20286,8941,1729,414
1683225562,0,19598,8933,1727,415
1683225862,0,20085,8932,1723,415
1683226162,0,19847,8929,1719,415
1683226462,0,19612,8933,1716,415
1683226762,0,20303,8924,1712,414
1683227062,0,20363,8925,1709,414
1683227362,0,20410,8909,1707,414
1683227662,0,20905,8910,1704,413
1683227962,0,20472,8917,1701,409
1683228262,0,20580,8912,1699,413
1683228562,0,20073,8911,1695,414
1683228862,0,19783,8911,1692,414
1683229162,0,19677,8911,1690,414
1683229462,0,19331,8907,1687,413
1683229762,0,19447,8908,1684,414
1683230062,0,19333,8910,1682,412
1683230362,0,18954,8908,1679,414
1683230662,0,19349,8911,1677,414
1683230962,0,18999,8902,1673,416
1683231262,0,18849,8906,1670,414
1683231562,0,18729,8902,1668,414
1683231862,0,19060,8902,1666,414
1683232162,0,18747,8902,1662,413
1683232462,0,18954,8903,1659,414
1683232762,0,18700,8901,1656,414
1683233062,0,18735,8901,1654,414
1683233362,0,18513,8899,1651,414
1683233662,0,18416,8900,1648,414
1683233962,0,18392,8897,1645,414
1683234262,0,18461,8897,1644,414
1683234562,0,18251,8893,1641,415
1683234862,0,18277,8899,1639,413
1683235162,0,17740,8896,1636,413
1683235462,0,17644,8896,1633,415
1683235762,0,18173,8897,1629,415
1683236062,0,17780,8894,1628,413
1683236362,0,17776,8895,1626,415
1683236662,0,17891,8891,1624,415
1683236962,0,17463,8889,1620,412
1683237262,0,17846,8891,1618,416
1683237562,0,17992,8893,1617,413
1683237862,0,17933,8893,1614,413
1683238162,0,17519,8887,1611,413
1683238462,0,17849,8885,1609,412
1683238762,0,17570,8886,1604,416
1683239062,0,17716,8885,1603,416
1683239362,0,17391,8884,1600,412
1683239662,0,17430,8882,1599,414
1683239962,0,17293,8880,1596,412
1683240262,0,17321,8880,1593,414
1683240562,0,17311,8883,1591,414
1683240862,0,17020,8880,1588,415
1683241162,0,17774,8878,1586,415
1683241462,0,17110,8877,1583,414
1683241762,0,17255,8877,1581,415
1683242062,0,17074,8877,1578,415
1683242362,0,17007,8875,1575,415
1683242662,0,17119,8875,1573,415
1683242962,0,17316,8876,1570,415
1683243262,0,17149,8874,1567,415
1683243562,0,16842,8872,1564,415
1683243862,0,16763,8872,1562,413
1683244162,0,16966,8872,1559,413
1683244462,0,16934,8872,1556,415
1683244762,0,17114,8870,1553,414
1683240562,0,17311,8883,1591,414
1683240862,0,17020,8880,1588,415
1683241162,0,17774,8878,1586,415
1683241462,0,17110,8877,1583,414
1683241762,0,17255,8877,1581,415
1683242062,0,17074,8877,1578,415
1683242362,0,17007,8875,1575,415
1683242662,0,17119,8875,1573,415
