If found, please contact tlang@live.unc.edu
Firmware updated: 2023/03/14
OpenOBS SN:301

time,ambient_light,backscatter,pressure,water_temp,battery
1684627462,0,24256,8709,2033,410
1684627762,0,24332,8708,2029,402
1684628062,0,24466,8710,2024,402
1684628362,0,24456,8707,2020,402
1684628662,0,24500,8710,2015,402
1684628962,0,24643,8707,2010,402
1684629262,0,24638,8705,2006,402
1684629562,0,24216,8706,2001,402
1684629862,0,24252,8705,1998,402
1684630162,0,24297,8707,1994,402
1684630462,0,24427,8706,1990,403
1684630762,0,24408,8707,1987,402
1684631062,0,24468,8703,1983,403
1684631362,0,24474,8703,1979,403
1684631662,0,24537,8702,1975,403
1684631962,0,24500,8704,1970,402
1684632262,0,24660,8704,1967,403
1684632562,0,24684,8702,1962,403
1684632862,0,24744,8703,1959,402
1684633162,0,24826,8703,1954,403
1684633462,0,24857,8697,1951,403
1684633762,0,24934,8699,1945,402
1684634062,0,24974,8697,1942,400
1684634362,0,25068,8696,1937,400
1684634662,0,25122,8695,1933,403
1684634962,0,24996,8695,1928,403
1684635262,0,24515,8694,1923,404
1684635562,0,24566,8692,1918,404
1684635862,0,24618,8688,1912,401
1684636162,0,24639,8690,1909,400
1684636462,0,24707,8689,1906,401
1684636762,0,24714,8686,1902,401
1684637062,0,24751,8685,1896,401
1684637362,0,24844,8683,1893,401
1684637662,0,24750,8682,1889,401
1684637962,0,24744,8683,1885,400
1684638262,0,24771,8683,1882,399
1684638562,0,24815,8682,1878,400
1684638862,0,24863,8682,1875,400
1684639162,0,24822,8679,1871,402
1684639462,0,24456,8681,1869,400
1684639762,0,24474,8681,1866,402
1684640062,0,24222,8679,1862,402
1684640362,0,24146,8678,1859,400
1684640662,0,24205,8678,1856,400
1684640962,0,24310,8677,1854,400
1684641262,0,24266,8674,1851,402
1684641562,0,24288,8673,1849,402
1684641862,0,24286,8673,1845,400
1684642162,0,24836,8675,1843,400
1684642462,0,22657,8675,1840,400
1684642762,0,22750,8675,1837,404
1684643062,0,22739,8675,1835,401
1684643362,0,22637,8674,1833,404
1684643662,0,22507,8675,1831,402
1684643962,0,22550,8675,1829,401
1684644262,0,22564,8676,1827,402
1684644562,0,22566,8676,1824,404
1684644862,0,22591,8677,1821,401
1684645162,1,22612,8675,1820,400
1684645462,2,22720,8676,1818,401
1684645762,4,22800,8678,1815,404
1684646062,7,22826,8679,1812,401
1684646362,12,22771,8679,1811,402
1684646662,19,22842,8679,1808,401
1684646962,26,22887,8679,1804,401
1684647262,25,22993,8683,1803,401
1684647562,26,23105,8680,1807,402
1684647862,52,22530,8686,1808,401
1684648162,66,22577,8686,1807,401
1684648462,88,22754,8684,1804,402
1684648762,96,22897,8686,1803,402
1684649062,136,22904,8686,1801,403
1684649362,132,22696,8685,1800,403
1684649662,175,22557,8689,1800,403
1684649962,244,22554,8689,1800,403
1684650262,164,22562,8689,1800,403
1684650562,228,22692,8689,1802,403
1684650862,232,22791,8689,1804,403
1684651162,260,22490,8687,1806,403
1684651462,274,22853,8687,1807,404
1684651762,325,22625,8690,1807,403
1684652062,363,22604,8689,1807,404
1684652362,415,22644,8690,1808,403
1684652662,413,22404,8689,1811,403
1684652962,518,21894,8691,1816,404
1684653262,556,21868,8690,1819,403
1684653562,558,21975,8691,1821,402
1684653862,592,21893,8693,1826,402
1684654162,639,21864,8691,1831,403
1684654462,665,21559,8696,1837,403
1684654762,662,21709,8696,1845,405
1684655062,683,21679,8695,1853,402
1684655362,730,21694,8697,1860,402
1684655662,640,21849,8697,1870,402
1684655962,657,21862,8699,1881,403
1684656262,660,21897,8700,1891,402
1684656562,767,21904,8701,1901,402
1684656862,676,22082,8701,1910,402
1684657162,745,22138,8701,1920,404
1684657462,815,21807,8701,1932,405
1684657762,721,22094,8702,1945,405
1684658062,752,21956,8702,1958,405
1684658362,699,22048,8702,1970,405
1684658662,753,22081,8701,1983,405
1684658962,758,22147,8701,1995,405
1684659262,687,22280,8702,2009,403
1684659562,691,22346,8702,2023,404
1684659862,854,22222,8703,2037,404
1684660162,842,22318,8704,2050,405
1684660462,907,22406,8706,2064,405
1684660762,875,22476,8704,2077,406
1684661062,747,22542,8707,2092,406
1684661362,816,22613,8704,2106,406
1684661662,811,22645,8707,2121,405
1684661962,710,22754,8706,2136,404
1684662262,730,22998,8704,2152,405
1684662562,801,22841,8703,2167,405
1684662862,783,22979,8702,2181,406
1684663162,883,22944,8702,2196,405
1684663462,882,22905,8700,2213,405
1684663762,808,22975,8697,2231,405
1684664062,847,22999,8696,2248,405
1684664362,897,23011,8693,2263,405
1684664662,859,22904,8694,2280,405
1684664962,618,22976,8694,2294,405
1684665262,733,22947,8693,2311,406
1684665562,673,23073,8692,2325,405
1684665862,576,23140,8692,2340,405
1684666162,552,23157,8694,2355,406
1684666462,653,22951,8694,2350,407
1684666762,500,22918,8696,2349,407
1684667062,807,23227,8697,2354,406
1684667362,496,23101,8694,2361,406
1684667662,564,22840,8693,2373,406
1684667962,561,23019,8695,2375,406
1684668262,472,23138,8694,2397,406
1684668562,601,23052,8697,2407,406
1684668862,670,23018,8694,2417,406
1684669162,817,23023,8696,2429,406
1684669462,601,23189,8695,2447,406
1684669762,657,23163,8694,2461,406
1684670062,561,23674,8693,2489,405
1684670362,630,23158,8692,2509,405
1684670662,634,23002,8691,2525,405
1684670962,575,23109,8690,2534,406
1684671262,718,22950,8691,2536,407
1684671562,819,23048,8689,2548,405
1684671862,605,23184,8685,2565,406
1684672162,553,23271,8690,2578,406
1684672462,635,23221,8685,2591,406
1684672762,527,23201,8684,2576,406
1684673062,558,23283,8682,2566,406
1684673362,474,23063,8684,2558,406
1684673662,405,23432,8681,2554,406
1684673962,444,23477,8682,2557,406
1684674262,265,23474,8676,2569,405
1684674562,280,23480,8677,2570,407
1684674862,179,23774,8679,2558,406
1684675162,257,23959,8676,2548,407
1684675462,139,24006,8678,2545,407
1684675762,206,24026,8677,2535,408
1684676062,235,24098,8679,2534,408
1684676362,199,24249,8677,2530,407
1684676662,143,24414,8675,2521,407
1684676962,205,24455,8674,2501,408
1684677262,143,24598,8670,2506,407
1684677562,118,24632,8671,2504,405
1684677862,97,24731,8669,2493,408
1684678162,160,24716,8672,2489,405
1684678462,124,24808,8670,2484,407
1684678762,95,24881,8672,2489,407
1684679062,99,24961,8670,2489,408
1684679362,124,25007,8670,2483,405
1684679662,97,25103,8672,2479,405
1684679962,94,25164,8670,2477,406
1684680262,138,25205,8672,2478,409
1684680562,181,25177,8671,2475,409
1684680862,224,25218,8674,2471,409
1684681162,205,25399,8673,2464,405
1684681462,42,25611,8677,2448,408
1684681762,81,25451,8678,2439,407
1684682062,116,25536,8682,2431,409
1684682362,162,25579,8681,2432,405
1684682662,241,25582,8677,2432,405
1684682962,189,25823,8678,2438,406
1684683262,179,25735,8676,2448,408
1684683562,175,25818,8675,2458,405
1684683862,193,25855,8677,2464,407
1684684162,219,25857,8678,2471,407
1684684462,184,25989,8678,2475,407
1684684762,190,26067,8678,2479,408
1684685062,121,26234,8678,2486,408
1684685362,99,26285,8677,2491,408
1684685662,9,25344,8676,2489,407
1684685962,52,25803,8676,2484,408
1684686262,60,26104,8672,2471,408
1684686562,53,26132,8674,2467,408
1684686862,55,26449,8672,2463,408
1684687162,61,26549,8672,2459,407
1684687462,55,26266,8674,2454,408
1684687762,27,26707,8677,2444,408
1684688062,14,27055,8675,2427,408
1684688362,10,27356,8678,2406,408
1684688662,3,27351,8682,2397,408
1684688962,2,27311,8686,2384,407
1684689262,2,27506,8689,2369,407
1684689562,3,27570,8692,2364,408
1684689862,3,27191,8697,2362,407
1684690162,3,26700,8699,2355,407
1684690462,3,27719,8698,2350,408
1684690762,2,26957,8703,2341,406
1684691062,17,16970,8701,2333,407
1684691362,20,16927,8700,2324,405
1684691662,21,17116,8700,2320,407
1684691962,24,17239,8703,2313,406
1684692262,28,17291,8705,2305,407
1684692562,22,17258,8705,2298,408
1684692862,16,17373,8709,2293,407
1684693162,16,17395,8710,2293,406
1684693462,13,17593,8709,2294,407
1684693762,8,17551,8710,2294,406
1684694062,4,17562,8707,2295,408
1684694362,2,17687,8711,2295,407
1684694662,2,17825,8709,2294,408
1684694962,2,17781,8708,2289,408
1684695262,1,17910,8712,2285,408
1684695562,0,17856,8711,2281,407
1684695862,0,18157,8712,2275,408
1684696162,0,18184,8714,2267,408
1684696462,0,18371,8714,2261,407
1684696762,0,18653,8719,2259,407
1684697062,0,18608,8720,2254,407
1684697362,0,18720,8725,2248,408
1684697662,0,19127,8726,2242,407
1684697962,0,19299,8729,2237,406
1684698262,0,19599,8730,2231,408
1684698562,0,19684,8732,2224,406
1684698862,0,19697,8737,2215,407
1684699162,0,20004,8736,2208,405
1684699462,0,20529,8736,2202,409
1684699762,0,21082,8736,2197,406
1684700062,0,21971,8737,2190,409
1684700362,0,22316,8737,2181,408
1684700662,0,22258,8737,2176,407
1684700962,0,20619,8737,2171,407
1684701262,0,15941,8735,2166,407
1684701562,0,13558,8735,2161,407
1684701862,0,13358,8735,2158,407
1684702162,0,13642,8736,2157,408
1684702462,0,14164,8733,2156,407
1684702762,0,14344,8733,2154,407
1684703062,0,12730,8737,2152,407
1684703362,0,12260,8735,2149,406
1684703662,0,12492,8736,2146,402
1684703962,0,11546,8737,2142,407
1684704262,0,12327,8736,2138,406
1684704562,0,12318,8734,2135,409
1684704862,0,12413,8735,2131,407
1684705162,0,12279,8735,2126,407
1684705462,0,11423,8733,2123,402
1684705762,0,10924,8733,2119,407
1684706062,0,10205,8736,2115,409
1684706362,0,11895,8733,2112,407
1684706662,0,9093,8731,2108,407
1684706962,0,10927,8733,2104,409
1684707262,0,8443,8728,2100,405
1684707562,0,8054,8731,2096,407
1684707862,0,7938,8730,2092,405
1684708162,0,7883,8727,2088,408
1684708462,0,8051,8726,2084,406
1684708762,0,7829,8727,2080,408
1684709062,0,8194,8723,2076,407
1684709362,0,8312,8723,2072,408
1684709662,0,8365,8723,2067,407
1684709962,0,8663,8722,2063,407
1684710262,0,8607,8724,2059,407
1684710562,0,8821,8722,2055,407
1684710862,0,8904,8725,2051,407
1684711162,0,8815,8723,2046,408
1684711462,0,8958,8723,2043,408
1684711762,0,9018,8723,2039,407
1684712062,0,9071,8724,2035,406
1684712362,0,8773,8725,2032,407
1684712662,0,9191,8724,2028,407
1684712962,0,9093,8721,2024,406
1684713262,0,8854,8723,2020,406
1684713562,0,8652,8724,2017,406
1684709362,0,8312,8723,2072,408