If found, please contact tlang@live.unc.edu
Firmware updated: 2023/03/14
OpenOBS SN:301

time,ambient_light,backscatter,pressure,water_temp,battery
1682294662,0,35722,8716,1707,411
1682294962,0,36099,8716,1702,401
1682295262,0,35945,8715,1700,399
1682295562,0,35770,8716,1696,401
1682295862,0,35691,8715,1695,402
1682296162,0,34634,8714,1691,402
1682296462,0,35224,8713,1693,402
1682296762,0,35224,8713,1691,402
1682297062,0,35290,8714,1690,402
1682297362,0,35321,8715,1691,403
1682297662,0,35834,8715,1687,402
1682297962,0,35764,8710,1682,403
1682298262,0,35716,8712,1674,402
1682298562,0,35764,8712,1673,401
1682298862,0,35908,8713,1665,401
1682299162,0,35570,8709,1662,402
1682299462,0,34938,8713,1659,401
1682299762,0,35208,8711,1660,401
1682300062,0,34887,8711,1661,402
1682300362,0,35216,8710,1660,400
1682300662,0,35225,8712,1661,402
1682300962,0,35522,8710,1659,401
1682301262,0,35336,8714,1657,401
1682301562,0,35374,8712,1651,401
1682301862,0,35343,8712,1646,402
1682302162,0,34746,8710,1645,401
1682302462,0,34805,8710,1644,401
1682302762,0,34605,8711,1642,402
1682303062,0,35111,8708,1639,401
1682303362,0,35311,8709,1636,401
1682303662,0,35071,8710,1634,401
1682303962,0,35209,8709,1629,401
1682304262,0,35081,8710,1628,401
1682304562,0,34993,8709,1625,401
1682304862,0,35027,8708,1623,402
1682305162,0,35326,8710,1620,401
1682305462,0,34852,8709,1620,401
1682305762,0,34842,8710,1620,401
1682306062,0,34948,8712,1621,401
1682306362,0,34880,8714,1620,401
1682306662,0,34909,8714,1618,401
1682306962,0,35130,8714,1614,401
1682307262,0,35112,8714,1611,401
1682307562,0,35283,8714,1608,402
1682307862,0,35099,8714,1600,402
1682308162,0,35134,8716,1590,403
1682308462,0,35222,8716,1584,403
1682308762,0,35173,8717,1593,405
1682309062,0,35222,8717,1589,401
1682309362,0,35486,8717,1581,401
1682309662,0,35651,8720,1584,402
1682309962,0,34769,8719,1595,405
1682310262,0,35000,8721,1604,401
1682310562,0,35040,8723,1616,403
1682310862,0,34994,8722,1625,403
1682311162,0,35054,8724,1627,403
1682311462,0,35073,8725,1620,402
1682311762,0,34862,8723,1619,403
1682312062,0,34902,8725,1618,403
1682312362,0,35033,8725,1619,403
1682312662,0,34897,8725,1620,403
1682312962,0,34552,8725,1620,403
1682313262,0,34817,8724,1619,403
1682313562,1,34967,8727,1619,403
1682313862,5,34180,8726,1618,402
1682314162,11,34710,8727,1616,404
1682314462,22,34665,8727,1615,403
1682314762,48,34546,8728,1611,403
1682315062,107,34486,8727,1609,403
1682315362,183,34601,8728,1611,402
1682315662,350,34634,8730,1610,402
1682315962,403,35063,8728,1608,402
1682316262,881,34509,8729,1606,403
1682316562,999,34324,8730,1604,403
1682316862,1021,34350,8730,1604,403
1682317162,1254,34597,8729,1611,401
1682317462,1560,34463,8730,1610,402
1682317762,1404,34486,8730,1612,401
1682318062,1564,34313,8732,1612,402
1682318362,2349,34423,8732,1612,404
1682318662,2499,34274,8731,1614,402
1682318962,2395,34508,8731,1627,402
1682319262,3023,34155,8732,1642,405
1682319562,3241,34227,8732,1642,401
1682319862,2755,34328,8733,1642,403
1682320162,2502,33176,8734,1645,403
1682320462,3969,33378,8732,1649,403
1682320762,2761,33054,8733,1652,401
1682321062,3003,33137,8733,1656,403
1682321362,2315,33380,8736,1669,403
1682321662,4565,33107,8735,1676,403
1682321962,4276,33411,8736,1679,403
1682322262,1785,32961,8736,1679,403
1682322562,1348,33204,8735,1682,403
1682322862,2380,33096,8739,1687,403
1682323162,2340,32758,8740,1691,403
1682323462,2384,32909,8740,1694,404
1682323762,2519,32427,8740,1699,403
1682324062,2631,32349,8739,1696,403
1682324362,2961,32160,8743,1698,405
1682324662,2964,32516,8743,1695,404
1682324962,2176,32845,8744,1699,406
1682325262,3156,32129,8743,1703,405
1682325562,3778,32272,8745,1704,403
1682325862,4992,31831,8745,1699,403
1682326162,4210,33074,8744,1695,403
1682326462,6458,32408,8745,1699,403
1682326762,6581,32909,8746,1703,406
1682327062,7189,32279,8747,1717,406
1682327362,5190,32696,8747,1711,405
1682327662,7124,32233,8751,1711,406
1682327962,3943,20303,8756,1719,404
1682328262,2942,20047,8766,1712,404
1682328562,2536,20709,8769,1710,404
1682328862,2310,20170,8772,1711,404
1682329162,2014,20119,8771,1719,404
1682329462,1381,20151,8775,1724,404
1682329762,1110,20844,8779,1725,404
1682330062,1135,20054,8779,1721,404
1682330362,1361,19255,8784,1727,405
1682330662,1736,19356,8785,1733,404
1682330962,1929,19390,8785,1739,405
1682331262,2064,19331,8787,1744,404
1682331562,2051,19252,8784,1746,405
1682331862,1538,19441,8789,1746,404
1682332162,1273,19710,8787,1746,405
1682332462,1145,19600,8791,1745,407
1682332762,1059,19736,8790,1742,403
1682333062,1214,19790,8793,1737,403
1682333362,1520,19784,8795,1735,405
1682333662,846,19914,8795,1734,406
1682333962,1419,20068,8797,1732,405
1682334262,1519,20140,8794,1731,407
1682334562,1545,20053,8796,1732,405
1682334862,1391,20186,8796,1734,403
1682335162,1209,20217,8796,1734,403
1682335462,1065,20402,8799,1732,407
1682335762,883,20450,8798,1732,404
1682336062,1052,20508,8798,1731,405
1682336362,1184,20430,8801,1732,404
1682336662,922,20572,8804,1732,403
1682336962,481,20672,8804,1732,406
1682337262,326,20738,8808,1729,406
1682337562,374,20783,8809,1724,405
1682337862,411,20713,8810,1719,403
1682338162,462,20761,8812,1716,403
1682338462,429,20899,8810,1712,403
1682338762,336,21102,8812,1710,405
1682339062,382,21360,8811,1708,405
1682339362,601,21098,8812,1707,403
1682339662,718,21186,8811,1701,403
1682339962,677,21311,8809,1700,403
1682340262,959,21525,8810,1699,405
1682340562,938,21566,8814,1696,403
1682340862,919,21765,8809,1696,403
1682341162,915,21754,8808,1698,405
1682341462,957,21600,8806,1700,403
1682341762,1110,21672,8806,1702,403
1682342062,1362,21126,8805,1704,405
1682342362,1489,21839,8806,1710,405
1682342662,1456,21858,8805,1714,403
1682342962,1426,22012,8807,1721,403
1682343262,1461,21992,8806,1733,405
1682343562,1740,22068,8807,1741,404
1682343862,1024,21817,8804,1749,403
1682344162,975,22165,8805,1754,403
1682344462,1103,21994,8806,1757,405
1682344762,1302,21887,8803,1759,403
1682345062,1670,22143,8799,1762,406
1682345362,2234,22457,8799,1766,405
1682345662,2469,22325,8800,1769,406
1682345962,2088,22186,8800,1775,403
1682346262,1968,22319,8799,1779,406
1682346562,1976,22908,8800,1782,406
1682346862,2130,22606,8802,1787,406
1682347162,2304,22974,8802,1791,406
1682347462,2585,23162,8801,1796,404
1682347762,2346,23154,8797,1807,404
1682348062,2305,22833,8798,1819,406
1682348362,2464,22829,8796,1827,404
1682348662,2316,22821,8794,1833,404
1682348962,1794,23191,8798,1841,406
1682349262,2137,23370,8797,1850,404
1682349562,2424,23397,8797,1856,404
1682349862,2038,23488,8795,1866,404
1682350162,1785,22642,8794,1879,404
1682350462,2140,23182,8793,1886,404
1682350762,2098,22635,8792,1892,408
1682351062,1397,23266,8792,1895,406
1682351362,2150,23308,8788,1896,406
1682351662,1834,23235,8788,1901,406
1682351962,1873,23556,8787,1907,407
1682352262,1783,23367,8786,1909,406
1682352562,1611,23114,8785,1909,406
1682352862,1055,23481,8786,1910,406
1682353162,1370,23358,8783,1909,405
1682353462,1403,23427,8787,1908,406
1682353762,1522,23456,8784,1910,407
1682354062,1750,23488,8781,1914,406
1682354362,1536,23542,8779,1916,406
1682354662,1430,23676,8773,1917,406
1682354962,1243,23392,8770,1917,406
1682355262,1173,23501,8765,1916,406
1682355562,1170,23501,8759,1914,406
1682355862,1037,23653,8758,1912,405
1682356162,1095,23353,8753,1908,406
1682356462,935,23367,8749,1902,404
1682356762,920,23327,8747,1895,398
1682357062,837,23193,8746,1892,400
1682357362,787,23154,8746,1887,399
1682357662,882,23112,8745,1884,399
1682357962,544,23322,8746,1881,397
1682358262,818,23209,8745,1879,397
1682358562,757,23215,8747,1879,399
1682358862,555,23318,8747,1877,398
1682359162,522,23086,8747,1874,399
1682359462,428,23078,8748,1870,399
1682359762,329,23041,8747,1866,399
1682360062,239,23118,8751,1861,399
1682360362,180,23166,8754,1854,399
1682360662,117,23065,8752,1846,398
1682360962,60,23024,8753,1842,396
1682361262,34,23092,8755,1837,398
1682361562,15,23120,8757,1829,398
1682361862,6,23176,8754,1823,398
1682362162,0,23235,8756,1817,398
1682362462,0,23253,8760,1814,396
1682362762,0,23174,8759,1809,397
1682363062,0,23297,8760,1800,398
1682363362,0,23317,8761,1791,397
1682363662,0,23463,8761,1783,397
1682363962,0,23505,8764,1776,397
1682364262,0,23555,8764,1769,398
1682364562,0,23628,8764,1762,397
1682364862,0,23659,8764,1756,397
1682365162,0,23755,8765,1750,396
1682365462,0,23805,8766,1744,397
1682365762,0,23828,8766,1741,396
1682366062,0,23877,8767,1740,396
1682366362,0,23886,8766,1734,397
1682366662,0,23956,8765,1729,396
1682366962,0,24105,8766,1724,398
1682367262,0,23976,8766,1719,399
1682367562,0,23987,8768,1715,397
1682367862,0,23979,8765,1712,397
1682368162,0,23947,8770,1707,399
1682368462,0,24039,8768,1706,398
1682368762,0,24075,8769,1704,398
1682369062,0,23827,8768,1700,397
1682369362,0,23851,8767,1695,397
1682369662,0,23964,8767,1692,398
1682369962,0,24092,8769,1689,398
1682370262,0,24124,8768,1687,398
1682370562,0,24179,8769,1684,396
1682370862,0,24223,8769,1679,396
1682371162,0,24303,8771,1673,398
1682371462,0,24366,8767,1669,398
1682371762,0,24364,8768,1664,398
1682372062,0,24441,8768,1656,397
1682372362,0,24463,8772,1652,397
1682372662,0,24515,8769,1645,398
1682372962,0,24499,8767,1641,398
1682373262,0,24564,8769,1637,397
1682373562,0,24570,8768,1633,397
1682373862,0,24637,8768,1631,397
1682374162,0,24701,8768,1628,398
1682374462,0,24724,8769,1624,398
1682374762,0,24812,8770,1620,396
1682375062,0,24872,8773,1615,397
1682375362,0,24875,8773,1611,397
1682375662,0,24839,8772,1604,397
1682375962,0,24871,8772,1598,397
1682376262,0,24916,8770,1593,397
1682376562,0,24854,8771,1588,397
1682376862,0,24873,8771,1587,397
1682377162,0,24885,8769,1585,397
1682377462,0,24917,8769,1582,396
1682377762,0,24992,8768,1579,397
1682378062,0,24930,8768,1576,393
1682378362,0,24936,8769,1572,396
1682378662,0,24973,8768,1569,397
1682378962,0,25026,8768,1565,396
1682379262,0,25048,8767,1562,398
1682379562,0,25002,8763,1557,397
16823798