If found, please contact tlang@live.unc.edu
Firmware updated: 2023/03/14
OpenOBS SN:301

time,ambient_light,backscatter,pressure,water_temp,battery
1683072262,0,36842,8854,1618,412
1683072562,0,36635,8854,1616,406
1683072862,0,36350,8855,1614,406
1683073162,0,36216,8856,1612,406
1683073462,0,36248,8854,1611,406
1683073762,0,36273,8856,1609,404
1683074062,0,36281,8854,1606,404
1683074362,0,36308,8854,1604,404
1683074662,0,36241,8854,1603,404
1683074962,0,36196,8852,1602,406
1683075262,0,36059,8851,1600,404
1683075562,0,36055,8849,1599,404
1683075862,0,36032,8850,1598,404
1683076162,0,36129,8851,1596,406
1683076462,0,36325,8848,1595,406
1683076762,0,36053,8847,1594,405
1683077062,0,36145,8848,1592,405
1683077362,0,36381,8847,1591,406
1683077662,0,36475,8847,1589,406
1683077962,0,36153,8845,1587,405
1683078262,0,36595,8844,1586,406
1683078562,0,36702,8845,1584,405
1683078862,0,36634,8845,1583,405
1683079162,0,36739,8846,1581,406
1683079462,0,36693,8843,1580,404
1683079762,0,36554,8845,1578,404
1683080062,0,36539,8843,1576,405
1683080362,0,36726,8845,1575,407
1683080662,0,36821,8841,1573,405
1683080962,0,36852,8844,1571,405
1683081262,0,36957,8843,1569,405
1683081562,0,36848,8842,1568,405
1683081862,0,36982,8840,1567,405
1683082162,0,37151,8838,1565,405
1683082462,0,36465,8839,1564,405
1683082762,0,35918,8842,1563,404
1683083062,0,36183,8840,1562,404
1683083362,0,35939,8838,1559,404
1683083662,0,36570,8840,1558,404
1683083962,0,35871,8837,1556,406
1683084262,0,35628,8838,1554,404
1683084562,0,35521,8840,1552,404
1683084862,0,33177,8837,1549,406
1683085162,0,29916,8836,1547,406
1683085462,0,29630,8840,1545,406
1683085762,0,24974,8839,1543,406
1683086062,0,28169,8839,1541,406
1683086362,0,26396,8837,1538,405
1683086662,0,23627,8836,1536,406
1683086962,0,24112,8834,1534,406
1683087262,0,25018,8837,1532,405
1683087562,0,22907,8834,1529,405
1683087862,0,18592,8834,1527,406
1683088162,0,20920,8837,1524,406
1683088462,0,22290,8837,1522,406
1683088762,0,21892,8836,1520,405
1683089062,0,22678,8838,1517,406
1683089362,0,24297,8837,1514,406
1683089662,0,22483,8839,1513,406
1683089962,0,20000,8837,1512,405
1683090262,0,18361,8836,1508,408
1683090562,0,22704,8838,1505,405
1683090862,0,20126,8838,1502,408
1683091162,0,21154,8840,1500,406
1683091462,0,17989,8842,1497,404
1683091762,0,23287,8841,1495,405
1683092062,5,17079,8842,1493,405
1683092362,11,15636,8844,1492,405
1683092662,7,16204,8845,1490,405
1683092962,17,16119,8844,1489,406
1683093262,25,14993,8846,1487,406
1683093562,37,14573,8844,1487,406
1683093862,55,15317,8842,1486,405
1683094162,90,15204,8843,1484,406
1683094462,32,18171,8846,1486,406
1683094762,35,17128,8845,1493,405
1683095062,55,16376,8845,1495,405
1683095362,104,15973,8841,1494,407
1683095662,135,16365,8840,1493,405
1683095962,110,16705,8841,1496,406
1683096262,111,16829,8844,1498,402
1683096562,122,17019,8846,1500,406
1683096862,145,16502,8847,1502,405
1683097162,135,16752,8850,1505,407
1683097462,84,18092,8850,1505,405
1683097762,121,17266,8849,1504,407
1683098062,78,18507,8852,1505,406
1683098362,52,20924,8853,1514,406
1683098662,235,17310,8851,1517,407
1683098962,247,17596,8849,1522,406
1683099262,108,21328,8851,1527,406
1683099562,189,18868,8851,1531,405
1683099862,462,17374,8852,1540,406
1683100162,351,18029,8853,1547,406
1683100462,393,17563,8852,1554,406
1683100762,203,18401,8853,1563,406
1683101062,19,23864,8855,1578,406
1683101362,476,17977,8852,1585,406
1683101662,96,20616,8851,1592,407
1683101962,559,18718,8852,1599,407
1683102262,535,18897,8852,1610,407
1683102562,406,19232,8851,1616,407
1683102862,533,18641,8854,1620,407
1683103162,818,18843,8853,1626,407
1683103462,291,20501,8854,1633,406
1683103762,501,19689,8853,1637,407
1683104062,641,19228,8854,1648,407
1683104362,441,19198,8853,1666,407
1683104662,517,19366,8855,1676,407
1683104962,1018,18808,8854,1687,408
1683105262,1081,19219,8854,1704,408
1683105562,518,21429,8852,1720,408
1683105862,1100,18951,8854,1733,407
1683106162,1109,19021,8851,1744,408
1683106462,953,19892,8853,1757,407
1683106762,946,19848,8851,1770,408
1683107062,650,22334,8851,1779,407
1683107362,1140,19525,8848,1787,408
1683107662,825,19710,8850,1796,408
1683107962,816,19012,8848,1809,408
1683108262,969,18802,8847,1824,408
1683108562,1096,18784,8847,1845,406
1683108862,1203,19003,8850,1869,409
1683109162,1174,19569,8847,1893,409
1683109462,1000,19254,8847,1919,409
1683109762,1129,18770,8845,1941,406
1683110062,918,18703,8844,1964,409
1683110362,55,25228,8844,1983,406
1683110662,425,19341,8843,1999,409
1683110962,461,19042,8839,2011,408
1683111262,431,19378,8837,2016,407
1683111562,556,19824,8828,2020,408
1683111862,431,19954,8828,2029,408
1683112162,453,20374,8823,2045,407
1683112462,420,20779,8823,2071,411
1683112762,442,21000,8825,2102,409
1683113062,572,20881,8824,2125,408
1683113362,472,21426,8825,2145,407
1683113662,805,21240,8825,2168,408
1683113962,686,20882,8822,2191,407
1683114262,595,20895,8820,2199,411
1683114562,768,20718,8821,2201,410
1683114862,597,21005,8821,2198,409
1683115162,375,20681,8820,2193,407
1683115462,216,20684,8820,2183,408
1683115762,153,20839,8825,2172,408
1683116062,15,20113,8826,2165,407
1683116362,2,20154,8833,2142,407
1683116662,16,19813,8826,2118,408
1683116962,108,19487,8831,2132,408
1683117262,158,19779,8826,2144,411
1683117562,249,20446,8823,2151,408
1683117862,365,20305,8822,2153,410
1683118162,458,20257,8819,2157,409
1683118462,442,20522,8816,2151,410
1683118762,762,20614,8817,2156,410
1683119062,694,21089,8815,2182,410
1683119362,787,20994,8811,2203,410
1683119662,1037,21093,8810,2223,408
1683119962,753,21389,8809,2245,409
1683120262,928,21646,8808,2264,408
1683120562,791,21636,8807,2280,410
1683120862,708,21541,8805,2292,410
1683121162,802,21760,8804,2303,410
1683121462,1082,21598,8802,2312,408
1683121762,883,22181,8800,2324,410
1683122062,671,22136,8798,2335,408
1683122362,584,22221,8798,2349,410
1683122662,585,22234,8794,2349,410
1683122962,661,22174,8796,2352,410
1683123262,550,22265,8796,2360,410
1683123562,550,22284,8793,2355,408
1683123862,556,22384,8790,2339,408
1683124162,480,22911,8793,2324,408
1683124462,596,22875,8791,2323,408
1683124762,537,22666,8792,2320,410
1683125062,380,22597,8791,2322,410
1683125362,274,23072,8793,2317,410
1683125662,270,22789,8789,2310,410
1683125962,183,23211,8791,2297,408
1683126262,145,23266,8789,2276,410
1683126562,112,23586,8793,2245,408
1683126862,91,23713,8790,2243,407
1683127162,78,23881,8791,2226,408
1683127462,91,23525,8791,2217,409
1683127762,88,23432,8788,2223,411
1683128062,85,23411,8793,2200,409
1683128362,85,23428,8788,2186,409
1683128662,82,23567,8788,2179,409
1683128962,80,23909,8789,2181,409
1683129262,67,23685,8794,2181,409
1683129562,57,23566,8793,2176,409
1683129862,47,23271,8796,2171,409
1683130162,37,23377,8793,2166,410
1683130462,29,23386,8795,2160,408
1683130762,24,23553,8797,2154,409
1683131062,23,23683,8794,2148,409
1683131362,29,23597,8794,2142,409
1683131662,33,23259,8791,2134,410
1683131962,33,23762,8794,2125,409
1683132262,30,23602,8796,2120,410
1683132562,30,23671,8795,2113,408
1683132862,25,23926,8792,2097,410
1683133162,30,24104,8791,2090,409
1683133462,35,24188,8791,2083,409
1683133762,41,24157,8791,2078,409
1683134062,29,24234,8792,2073,409
1683134362,20,24591,8793,2068,410
1683134662,9,24944,8796,2058,409
1683134962,13,24862,8796,2054,410
1683135262,15,24993,8793,2048,410
1683135562,14,25366,8796,2040,408
1683135862,8,25664,8796,2031,408
1683136162,8,25541,8802,2020,409
1683136462,8,25435,8798,2010,408
1683136762,3,25459,8800,2004,409
1683137062,1,25868,8803,1998,408
1683137362,2,26019,8805,1987,410
1683137662,3,26000,8805,1981,409
1683137962,3,26068,8807,1976,409
1683138262,1,25708,8803,1969,409
1683138562,1,25989,8809,1960,409
1683138862,0,25862,8805,1957,409
1683139162,0,26378,8810,1952,409
1683139462,0,26768,8812,1946,409
1683139762,0,26777,8812,1942,410
1683140062,0,26555,8814,1936,409
1683140362,0,26759,8817,1929,409
1683140662,0,27095,8816,1926,409
1683140962,0,27362,8818,1924,408
1683141262,0,27261,8819,1920,409
1683141562,0,27055,8819,1917,410
1683141862,0,26973,8825,1912,410
1683142162,0,26973,8824,1910,410
1683142462,0,27009,8825,1907,410
1683142762,0,27211,8832,1902,409
1683143062,0,27406,8830,1899,409
1683143362,0,26997,8832,1895,410
1683143662,0,27405,8834,1892,411
1683143962,0,27353,8838,1887,410
1683144262,0,27497,8838,1885,408
1683144562,0,27719,8837,1883,410
1683144862,0,27694,8841,1879,410
1683145162,0,27696,8836,1877,410
1683145462,0,28022,8842,1873,409
1683145762,0,28192,8838,1870,409
1683146062,0,28624,8841,1869,409
1683146362,0,28641,8841,1867,408
1683146662,0,28747,8839,1864,410
1683146962,0,28802,8848,1862,408
1683147262,0,29056,8844,1860,409
1683147562,0,28834,8844,1858,411
1683147862,0,29149,8843,1856,409
1683148162,0,29263,8843,1854,410
1683148462,0,29358,8845,1852,410
1683148762,0,29412,8847,1850,410
1683149062,0,29572,8845,1849,410
1683149362,0,29484,8848,1846,410
1683149662,0,29669,8851,1845,410
1683149962,0,29695,8855,1844,410
1683150262,0,29641,8857,1842,410
1683150562,0,29730,8859,1841,410
1683150862,0,29867,8862,1839,410
1683151162,0,29993,8867,1837,411
1683151462,0,29787,8871,1837,408
1683151762,0,30066,8878,1836,412
1683152062,0,30341,8890,1834,412
1683152362,0,30150,8905,1833,412
1683152662,0,29955,8907,1832,408
1683152962,0,30270,8915,1831,413
1683153262,0,30398,8912,1829,410
1683153562,0,30728,8911,1829,410
1683153862,0,30581,8912,1828,410
1683154162,0,30955,8911,1828,413
1683154462,0,31038,8915,1828,410
1683154762,0,30996,8922,1827,408
1683155062,0,30983,8933,1826,410
1683155362,0,31023,8938,1826,410
1683155662,0,31607,8949,1824,410
1683155962,0,30083,8955,1821,409
1683156262,0,29575,8954,1819,410
1683156562,0,28029,8954,1815,409
1683156862,0,27657,8951,1811,410
1683157162,0,26906,8950,1807,410
1683157462,0,26927,8954,1801,410
1683157762,0,27647,8957,1795,409
1683158062,0,27508,8949,1790,409
1683158362,0,27874,8946,1785,412

1683154162,0,30955,8911,1828,413
