If found, please contact tlang@live.unc.edu
Firmware updated: 2023/03/14
OpenOBS SN:301

time,ambient_light,backscatter,pressure,water_temp,battery
1682553862,0,20874,8760,1754,414
1682554162,0,20729,8760,1750,408
1682554462,0,20180,8760,1745,408
1682554762,0,20340,8760,1742,408
1682555062,0,20232,8760,1737,408
1682555362,0,20391,8758,1733,407
1682555662,0,20551,8758,1728,407
1682555962,0,20192,8758,1720,408
1682556262,0,20855,8759,1718,408
1682556562,0,20266,8756,1712,408
1682556862,0,20301,8756,1708,408
1682557162,0,20132,8756,1703,408
1682557462,0,20071,8757,1699,408
1682557762,0,19950,8756,1694,408
1682558062,0,19982,8754,1690,408
1682558362,0,20345,8755,1685,409
1682558662,0,20773,8755,1681,408
1682558962,0,20589,8756,1678,408
1682559262,0,21258,8760,1674,408
1682559562,0,20859,8759,1670,407
1682559862,0,20984,8758,1667,408
1682560162,0,20828,8759,1662,409
1682560462,0,21241,8761,1658,409
1682560762,0,21085,8761,1654,408
1682561062,0,20837,8760,1652,409
1682561362,0,20926,8761,1649,409
1682561662,0,20929,8761,1645,407
1682561962,0,21799,8761,1642,407
1682562262,0,21330,8762,1639,408
1682562562,0,21367,8761,1635,410
1682562862,0,21261,8761,1632,408
1682563162,0,21233,8762,1629,407
1682563462,0,20970,8761,1626,409
1682563762,0,21327,8761,1621,409
1682564062,0,21435,8761,1619,408
1682564362,0,21538,8760,1616,407
1682564662,0,21390,8760,1612,408
1682564962,0,21446,8759,1607,408
1682565262,0,21906,8760,1603,408
1682565562,0,21732,8760,1600,407
1682565862,0,21507,8762,1597,408
1682566162,0,21858,8761,1595,409
1682566462,0,21568,8762,1594,408
1682566762,0,21282,8762,1592,409
1682567062,0,21294,8764,1591,409
1682567362,0,21103,8765,1588,408
1682567662,0,21839,8764,1585,409
1682567962,0,21176,8763,1582,408
1682568262,0,21522,8764,1580,408
1682568562,0,21155,8760,1578,410
1682568862,0,21723,8765,1574,409
1682569162,0,22070,8767,1572,409
1682569462,0,21444,8765,1568,409
1682569762,0,22054,8765,1564,409
1682570062,0,21853,8767,1561,407
1682570362,0,22087,8766,1557,407
1682570662,0,22005,8767,1555,409
1682570962,0,21509,8768,1552,407
1682571262,0,21666,8767,1550,409
1682571562,0,22347,8767,1548,407
1682571862,0,21495,8766,1545,411
1682572162,0,21796,8768,1542,411
1682572462,0,21695,8769,1539,407
1682572762,4,21593,8769,1536,411
1682573062,9,22001,8769,1534,408
1682573362,22,22187,8771,1531,407
1682573662,45,21631,8770,1533,407
1682573962,90,21621,8772,1531,411
1682574262,144,21421,8772,1531,407
1682574562,195,21583,8772,1531,408
1682574862,240,21848,8773,1529,410
1682575162,246,22192,8775,1530,410
1682575462,222,22194,8775,1534,411
1682575762,297,21522,8775,1537,410
1682576062,289,21345,8775,1540,410
1682576362,253,21847,8775,1536,410
1682576662,327,21780,8775,1532,409
1682576962,361,22341,8776,1528,407
1682577262,518,21970,8774,1528,407
1682577562,854,21666,8773,1527,407
1682577862,834,22005,8770,1529,410
1682578162,559,22494,8768,1532,407
1682578462,852,21771,8763,1530,408
1682578762,1012,22091,8763,1530,408
1682579062,1061,21546,8766,1536,411
1682579362,1180,21772,8768,1541,411
1682579662,1291,21724,8771,1542,412
1682579962,1144,22126,8773,1548,412
1682580262,1367,21732,8773,1562,409
1682580562,1472,21773,8776,1565,409
1682580862,1222,21684,8775,1578,409
1682581162,1288,21563,8776,1583,409
1682581462,972,21693,8776,1596,408
1682581762,1006,21821,8777,1603,409
1682582062,1410,21575,8777,1609,409
1682582362,972,21350,8779,1623,411
1682582662,727,21540,8780,1631,409
1682582962,1014,21768,8776,1646,410
1682583262,1192,22437,8778,1658,409
1682583562,1737,21806,8780,1670,411
1682583862,1728,22022,8780,1677,410
1682584162,1797,21845,8779,1690,410
1682584462,1690,21993,8780,1702,411
1682584762,1409,21906,8778,1715,412
1682585062,1306,21775,8781,1727,409
1682585362,1509,21776,8779,1741,409
1682585662,1762,22016,8781,1757,410
1682585962,2149,21784,8780,1769,411
1682586262,1729,22171,8780,1782,412
1682586562,1437,21860,8778,1795,412
1682586862,1813,21825,8780,1810,411
1682587162,1895,21989,8780,1820,412
1682587462,2315,22014,8779,1835,411
1682587762,1924,21954,8782,1850,412
1682588062,1963,21794,8781,1865,411
1682588362,1963,22180,8780,1878,411
1682588662,1915,21888,8781,1891,412
1682588962,1551,22159,8779,1903,412
1682589262,1045,22139,8780,1912,412
1682589562,1238,22212,8778,1921,412
1682589862,1380,22266,8778,1932,412
1682590162,1612,22106,8778,1940,412
1682590462,1289,22378,8778,1949,412
1682590762,1627,22067,8779,1957,412
1682591062,1634,22213,8776,1966,412
1682591362,1449,22444,8775,1974,411
1682591662,1403,22247,8775,1981,411
1682591962,1491,22247,8773,1989,412
1682592262,1434,22145,8771,1995,411
1682592562,1293,22536,8773,2001,412
1682592862,1396,22543,8772,2008,411
1682593162,1363,22262,8770,2016,412
1682593462,1068,22340,8772,2021,412
1682593762,1096,22275,8773,2026,412
1682594062,1041,22170,8769,2032,413
1682594362,1063,22463,8769,2037,413
1682594662,1044,22514,8767,2044,413
1682594962,1060,22703,8765,2049,412
1682595262,1035,22298,8763,2052,411
1682595562,1358,21901,8761,2057,412
1682595862,1258,22576,8760,2064,412
1682596162,1281,22647,8758,2070,413
1682596462,1430,22636,8756,2079,413
1682596762,1374,22596,8757,2091,412
1682597062,1413,22278,8757,2101,412
1682597362,1091,22723,8756,2112,412
1682597662,1193,22581,8756,2126,412
1682597962,1388,22602,8754,2140,412
1682598262,1483,22445,8753,2156,411
1682598562,1122,22782,8754,2174,412
1682598862,1277,22490,8751,2190,412
1682599162,1162,22268,8749,2207,412
1682599462,873,22661,8750,2225,412
1682599762,936,22670,8749,2240,410
1682600062,980,22574,8747,2245,412
1682600362,971,22732,8750,2252,412
1682600662,996,22879,8750,2250,413
1682600962,905,22709,8750,2252,413
1682601262,777,22868,8747,2255,412
1682601562,768,22833,8744,2256,412
1682601862,722,22576,8744,2255,412
1682602162,852,22423,8743,2250,412
1682602462,978,22388,8742,2244,413
1682602762,918,22445,8741,2242,411
1682603062,629,22722,8739,2242,412
1682603362,949,21628,8734,2246,415
1682603662,706,21752,8735,2241,413
1682603962,536,22157,8735,2237,413
1682604262,374,22998,8733,2238,413
1682604562,524,22350,8732,2237,412
1682604862,469,22476,8733,2236,411
1682605162,380,22556,8730,2235,411
1682605462,461,22599,8729,2233,415
1682605762,436,22448,8728,2230,415
1682606062,418,22325,8727,2227,413
1682606362,494,22289,8725,2222,413
1682606662,372,21899,8725,2211,412
1682606962,400,22380,8725,2209,411
1682607262,502,22318,8721,2213,411
1682607562,504,22546,8720,2214,411
1682607862,440,22698,8722,2216,415
1682608162,461,22683,8719,2217,412
1682608462,454,22678,8717,2218,413
1682608762,411,22707,8717,2220,413
1682609062,311,22855,8720,2222,411
1682609362,295,22873,8717,2228,414
1682609662,269,23034,8715,2230,412
1682609962,329,22962,8714,2228,412
1682610262,477,23000,8714,2224,414
1682610562,462,23094,8711,2219,412
1682610862,385,23012,8713,2216,412
1682611162,405,23093,8713,2215,414
1682611462,237,23130,8711,2209,414
1682611762,236,23297,8710,2202,412
1682612062,186,23272,8710,2195,413
1682612362,209,23156,8711,2191,414
1682612662,210,23401,8709,2189,415
1682612962,232,23454,8709,2191,414
1682613262,244,23618,8711,2185,413
1682613562,173,23536,8708,2173,413
1682613862,190,23044,8705,2162,414
1682614162,148,23604,8709,2148,411
1682614462,165,23624,8710,2139,413
1682614762,143,23849,8708,2131,414
1682615062,164,23764,8708,2126,414
1682615362,126,23764,8708,2123,411
1682615662,121,23699,8708,2120,411
1682615962,129,23895,8708,2116,413
1682616262,103,23899,8708,2112,414
1682616562,117,23854,8711,2103,413
1682616862,132,23823,8711,2098,414
1682617162,132,23871,8712,2092,411
1682617462,116,23814,8714,2085,413
1682617762,101,23958,8713,2078,412
1682618062,92,23851,8713,2072,411
1682618362,86,23921,8712,2066,411
1682618662,58,23741,8714,2061,411
1682618962,54,23987,8712,2055,411
1682619262,43,23914,8710,2049,411
1682619562,38,23856,8712,2044,412
1682619862,22,23700,8710,2037,412
1682620162,15,23795,8711,2031,412
1682620462,6,23907,8711,2023,413
1682620762,2,23463,8713,2017,415
1682621062,0,23674,8714,2012,415
1682621362,0,23691,8713,2007,411
1682621662,0,24025,8715,2004,411
1682621962,0,24037,8719,1998,411
1682622262,0,23711,8717,1993,413
1682622562,0,24007,8716,1987,411
1682622862,0,24077,8717,1981,413
1682623162,0,23773,8719,1976,413
1682623462,0,24092,8718,1971,413
1682623762,0,24152,8720,1967,412
1682624062,0,24181,8721,1962,413
1682624362,0,23851,8721,1958,413
1682624662,0,24278,8723,1952,412
1682624962,0,24270,8723,1946,413
1682625262,0,24280,8723,1941,413
1682625562,0,24339,8724,1936,411
1682625862,0,24340,8725,1931,412
1682626162,0,24214,8727,1926,412
1682626462,0,24270,8727,1920,411
1682626762,0,24269,8727,1917,412
1682627062,0,24395,8728,1914,412
1682627362,0,24457,8731,1910,412
1682627662,0,24477,8729,1904,412
1682627962,0,24465,8731,1899,412
1682628262,0,23887,8732,1895,412
1682628562,0,24106,8730,1890,413
1682628862,0,24159,8731,1884,413
1682629162,0,24098,8733,1878,412
1682629462,0,24127,8731,1873,412
1682629762,0,24162,8733,1869,412
1682630062,0,24157,8733,1862,412
1682630362,0,24356,8733,1858,413
1682630662,0,24320,8733,1852,412
1682630962,0,24439,8733,1845,413
1682631262,0,24167,8734,1842,412
1682631562,0,24239,8738,1837,413
1682631862,0,24255,8737,1833,413
1682632162,0,24267,8738,1828,413
1682632462,0,24382,8740,1825,411
1682632762,0,24341,8741,1821,411
1682633062,0,24370,8741,1818,412
1682633362,0,24376,8743,1814,411
1682633662,0,24389,8743,1809,412
1682633962,0,24368,8746,1803,412
1682634262,0,24411,8746,1799,412
1682634562,0,24380,8749,1793,411
1682634862,0,24274,8748,1789,412
1682635162,0,24357,8750,1784,412
1682635462,0,24515,8753,1779,411
1682635762,0,24392,8751,1774,411
1682636062,0,24456,8753,1770,412
1682636362,0,24484,8755,1766,412
1682636662,0,24459,8756,1760,412
1682636962,0,24441,8757,1754,413
1682637262,0,24539,8755,1751,412
1682637562,0,24543,8756,1745,413
1682637862,0,24523,8757,1741,412
1682638162,0,24544,8756,1736,411
1682638462,0,24556,8759,1731,411
1682638762,0,24644,8756,1726,412
1682639062,0,24593,8756,1720,413
1682639362,0,24633,87