If found, please contact tlang@live.unc.edu
Firmware updated: 2023/03/14
OpenOBS SN:301

time,ambient_light,backscatter,pressure,water_temp,battery
1682381062,0,25076,8762,1538,407
1682381362,0,25151,8763,1534,395
1682381662,0,25076,8763,1530,397
1682381962,0,25152,8760,1527,397
1682382262,0,25248,8762,1523,397
1682382562,0,25339,8762,1520,397
1682382862,0,25374,8760,1519,397
1682383162,0,25469,8763,1514,397
1682383462,0,25450,8762,1510,398
1682383762,0,25936,8762,1507,398
1682384062,0,25670,8760,1504,398
1682384362,0,25881,8760,1501,397
1682384662,0,25782,8760,1499,398
1682384962,0,25764,8762,1499,398
1682385262,0,25776,8763,1497,398
1682385562,0,25792,8762,1495,397
1682385862,0,25855,8767,1493,397
1682386162,0,25867,8763,1490,397
1682386462,0,25910,8762,1489,397
1682386762,0,25894,8764,1487,397
1682387062,0,25876,8766,1485,397
1682387362,0,25901,8766,1483,399
1682387662,0,25951,8766,1481,398
1682387962,0,25992,8765,1480,399
1682388262,0,26008,8767,1478,398
1682388562,0,26040,8764,1476,398
1682388862,0,26063,8765,1474,399
1682389162,0,26056,8765,1472,398
1682389462,0,26130,8766,1471,398
1682389762,0,26218,8766,1470,399
1682390062,0,26203,8768,1469,399
1682390362,0,25504,8770,1469,398
1682390662,0,25716,8764,1467,398
1682390962,0,25650,8765,1465,399
1682391262,0,25631,8764,1463,399
1682391562,0,25642,8765,1461,399
1682391862,0,25685,8764,1458,399
1682392162,0,25737,8765,1457,397
1682392462,0,25695,8765,1455,398
1682392762,0,25106,8764,1454,399
1682393062,0,25026,8764,1452,399
1682393362,0,25100,8766,1449,399
1682393662,0,25250,8765,1447,399
1682393962,0,25346,8765,1445,399
1682394262,0,25244,8766,1444,399
1682394562,0,25346,8764,1441,397
1682394862,0,25304,8765,1439,400
1682395162,0,25375,8765,1437,399
1682395462,0,25461,8765,1435,398
1682395762,0,25471,8767,1434,399
1682396062,0,25682,8765,1433,397
1682396362,0,25877,8767,1436,399
1682396662,0,25775,8768,1434,399
1682396962,0,25088,8770,1434,399
1682397262,0,25091,8768,1434,399
1682397562,0,25062,8773,1435,399
1682397862,0,25016,8772,1436,399
1682398162,0,25109,8773,1435,397
1682398462,0,25115,8771,1434,399
1682398762,0,25115,8774,1432,399
1682399062,0,25182,8773,1429,399
1682399362,0,25180,8775,1427,398
1682399662,1,25214,8776,1425,397
1682399962,6,25228,8777,1422,398
1682400262,17,25301,8777,1421,400
1682400562,33,25234,8776,1418,397
1682400862,59,25234,8779,1414,399
1682401162,94,25287,8777,1412,397
1682401462,144,25230,8780,1410,399
1682401762,215,25220,8782,1408,399
1682402062,293,25164,8779,1405,398
1682402362,463,25183,8780,1401,399
1682402662,605,25225,8780,1400,399
1682402962,615,25233,8779,1400,399
1682403262,689,25268,8780,1400,399
1682403562,791,25276,8780,1402,397
1682403862,774,25288,8781,1410,400
1682404162,808,25405,8781,1419,400
1682404462,1011,25404,8783,1413,399
1682404762,1122,25439,8782,1409,400
1682405062,1365,25449,8784,1419,398
1682405362,1669,25617,8784,1424,399
1682405662,1995,25501,8780,1423,400
1682405962,2041,25649,8779,1436,400
1682406262,2261,25684,8776,1438,401
1682406562,2272,25813,8775,1436,399
1682406862,2646,25320,8773,1461,398
1682407162,2954,24910,8772,1471,398
1682407462,3101,24206,8769,1491,399
1682407762,4580,23924,8771,1496,402
1682408062,4493,22697,8766,1493,398
1682408362,4716,22772,8763,1493,398
1682408662,4478,22326,8762,1502,399
1682408962,5301,22724,8761,1537,402
1682409262,5642,22120,8763,1552,398
1682409562,3805,22418,8766,1562,400
1682409862,4648,22496,8768,1568,400
1682410162,4256,22219,8772,1577,400
1682410462,5168,22634,8771,1585,400
1682410762,5283,22486,8771,1601,400
1682411062,5599,23208,8772,1617,399
1682411362,3703,23230,8774,1633,400
1682411662,3926,23300,8773,1636,401
1682411962,5490,23247,8777,1639,400
1682412262,5011,23444,8774,1650,401
1682412562,5015,23435,8776,1662,399
1682412862,4770,23635,8772,1678,400
1682413162,5247,23492,8776,1687,401
1682413462,6078,23675,8775,1699,401
1682413762,5160,23718,8775,1719,402
1682414062,5499,23857,8775,1732,400
1682414362,6736,23738,8776,1745,400
1682414662,6790,23730,8776,1766,400
1682414962,6905,23589,8776,1787,402
1682415262,7669,23645,8775,1811,401
1682415562,5967,23780,8775,1834,403
1682415862,6582,23932,8778,1854,401
1682416162,7009,24073,8778,1875,400
1682416462,6650,24046,8774,1895,401
1682416762,6303,24248,8774,1921,401
1682417062,5963,24159,8773,1945,401
1682417362,5579,24156,8775,1962,401
1682417662,5404,24170,8774,1975,400
1682417962,4428,24346,8773,1986,404
1682418262,4963,24240,8773,1995,401
1682418562,4815,24155,8771,2004,402
1682418862,5079,24174,8771,2015,403
1682419162,5998,24197,8772,2027,402
1682419462,5538,23995,8769,2040,402
1682419762,5178,23892,8770,2051,401
1682420062,5013,25500,8771,2065,402
1682420362,5193,23733,8768,2087,403
1682420662,4763,23759,8768,2105,403
1682420962,4538,23896,8767,2122,403
1682421262,4006,23850,8768,2145,403
1682421562,3049,24347,8766,2163,402
1682421862,3734,24183,8766,2182,402
1682422162,3519,23878,8764,2203,402
1682422462,3771,23863,8762,2219,401
1682422762,3994,23795,8763,2237,403
1682423062,3592,23885,8760,2259,402
1682423362,4070,23658,8760,2284,400
1682423662,3272,23895,8762,2293,404
1682423962,3341,23706,8759,2304,405
1682424262,3571,24002,8759,2334,401
1682424562,3513,23888,8758,2357,402
1682424862,3099,24096,8756,2368,402
1682425162,2774,23980,8754,2377,403
1682425462,2976,24202,8755,2403,404
1682425762,3215,24088,8753,2423,403
1682426062,3303,24243,8753,2443,402
1682426362,2699,24490,8753,2458,404
1682426662,2432,23857,8749,2464,403
1682426962,2636,23808,8749,2471,403
1682427262,2273,24169,8750,2494,403
1682427562,2091,24241,8748,2501,403
1682427862,773,25006,8747,2496,402
1682428162,1980,24996,8747,2487,404
1682428462,2382,25073,8745,2482,404
1682428762,1669,25156,8747,2474,403
1682429062,786,25904,8746,2455,404
1682429362,961,25200,8745,2447,402
1682429662,877,25159,8742,2439,404
1682429962,661,24898,8743,2436,402
1682430262,816,25135,8743,2416,403
1682430562,1387,24828,8744,2407,402
1682430862,1494,24932,8742,2399,403
1682431162,1624,24967,8744,2381,403
1682431462,2129,24956,8743,2367,405
1682431762,2347,24864,8740,2356,405
1682432062,2146,24956,8739,2349,405
1682432362,2020,25048,8739,2353,404
1682432662,2144,25065,8738,2358,404
1682432962,1651,25025,8740,2363,403
1682433262,1403,25055,8739,2358,404
1682433562,1140,25123,8740,2355,404
1682433862,1156,25233,8741,2359,406
1682434162,1261,25439,8745,2374,402
1682434462,1641,25202,8744,2379,406
1682434762,1670,25219,8743,2373,402
1682435062,1409,25282,8741,2361,402
1682435362,744,25256,8743,2356,401
1682435662,1144,25561,8741,2355,401
1682435962,1020,25655,8740,2349,401
1682436262,1051,25702,8741,2340,402
1682436562,1011,25528,8741,2321,403
1682436862,917,25740,8740,2306,401
1682437162,864,25730,8742,2298,401
1682437462,650,25617,8742,2284,401
1682437762,636,25069,8744,2262,401
1682438062,556,25577,8744,2237,402
1682438362,650,25692,8741,2220,401
1682438662,803,25819,8741,2207,401
1682438962,663,25425,8739,2195,400
1682439262,502,25642,8739,2186,401
1682439562,430,25454,8740,2173,403
1682439862,554,25609,8742,2170,404
1682440162,431,25590,8740,2165,403
1682440462,367,25669,8741,2158,403
1682440762,257,25724,8742,2146,403
1682441062,207,25835,8742,2136,401
1682441362,242,25838,8741,2126,401
1682441662,289,25844,8741,2116,403
1682441962,289,25794,8743,2109,405
1682442262,282,25904,8742,2100,401
1682442562,280,25842,8739,2091,402
1682442862,278,25868,8742,2085,402
1682443162,302,26038,8743,2080,403
1682443462,370,26003,8741,2070,403
1682443762,397,26080,8745,2058,403
1682444062,374,26210,8746,2054,404
1682444362,337,26253,8747,2053,403
1682444662,294,26301,8748,2045,403
1682444962,270,26327,8744,2041,403
1682445262,216,26259,8746,2037,403
1682445562,189,26376,8745,2029,403
1682445862,142,26430,8746,2025,402
1682446162,113,26534,8745,2019,403
1682446462,87,26597,8746,2012,402
1682446762,58,26562,8744,2006,403
1682447062,44,26580,8743,2000,403
1682447362,25,26588,8745,1992,403
1682447662,15,26631,8745,1984,403
1682447962,7,26637,8743,1978,402
1682448262,3,26683,8744,1973,403
1682448562,0,26682,8745,1967,403
1682448862,0,26763,8745,1962,403
1682449162,0,26763,8744,1956,403
1682449462,0,26764,8745,1953,403
1682449762,0,26771,8746,1949,403
1682450062,0,26814,8747,1943,402
1682450362,0,26847,8748,1937,401
1682450662,0,26871,8749,1931,401
1682450962,0,26867,8749,1925,402
1682451262,0,26912,8749,1918,403
1682451562,0,26896,8751,1912,402
1682451862,0,26896,8749,1904,403
1682452162,0,26909,8753,1899,402
1682452462,0,26903,8751,1892,403
1682452762,0,26965,8750,1885,403
1682453062,0,26868,8750,1877,403
1682453362,0,26930,8755,1870,402
1682453662,0,27102,8753,1862,403
1682453962,0,26810,8755,1856,403
1682454262,0,26866,8755,1850,402
1682454562,0,26875,8755,1844,402
1682454862,0,26920,8757,1837,403
1682455162,0,26924,8754,1832,402
1682455462,0,26964,8756,1826,403
1682455762,0,26974,8757,1819,402
1682456062,0,26969,8759,1814,403
1682456362,0,27045,8758,1806,403
1682456662,0,27041,8759,1798,403
1682456962,0,26952,8758,1791,402
1682457262,0,27009,8759,1786,401
1682457562,0,27118,8758,1781,401
1682457862,0,27100,8758,1774,401
1682458162,0,27110,8759,1768,401
1682458462,0,27179,8758,1762,402
1682458762,0,27181,8759,1757,402
1682459062,0,27188,8759,1751,401
1682459362,0,27207,8758,1746,401
1682459662,0,27242,8760,1740,404
1682459962,0,27266,8758,1735,401
1682460262,0,27215,8761,1729,401
1682460562,0,27282,8760,1723,403
1682460862,0,27202,8760,1717,403
1682461162,0,27243,8757,1712,402
1682461462,0,27254,8758,1706,402
1682461762,0,27314,8758,1700,403
1682462062,0,27308,8759,1695,401
1682462362,0,27375,8758,1689,403
1682462662,0,27396,8758,1685,401
1682462962,0,27401,8757,1679,401
1682463262,0,27416,8759,1674,401
1682463562,0,27445,8757,1669,401
1682463862,0,27453,8757,1664,401
1682464162,0,27553,8757,1657,401
1682464462,0,27605,8757,1652,398
1682464762,0,27630,8757,1645,402
1682465062,0,27654,8757,1641,403
1682465362,0,27669,8755,1637,402
1682465662,0,27670,8757,1632,403
1682465962,0,27697,8757,1628,402
1682466262