If found, please contact tlang@live.unc.edu
Firmware updated: 2023/03/14
OpenOBS SN:301

time,ambient_light,backscatter,pressure,water_temp,battery
1684368262,0,30240,8921,1873,419
1684368562,0,30208,8918,1868,413
1684368862,0,30190,8918,1864,413
1684369162,0,30122,8919,1860,411
1684369462,0,29875,8916,1854,410
1684369762,0,29730,8909,1851,411
1684370062,0,29675,8910,1846,411
1684370362,0,29538,8900,1843,411
1684370662,0,29461,8902,1839,411
1684370962,0,29198,8902,1835,410
1684371262,0,29124,8895,1832,411
1684371562,0,29045,8897,1828,411
1684371862,0,28869,8889,1824,411
1684372162,0,28710,8886,1820,411
1684372462,0,28709,8888,1817,413
1684372762,0,28676,8884,1814,411
1684373062,0,28568,8879,1811,411
1684373362,0,28537,8877,1807,413
1684373662,0,28531,8874,1803,412
1684373962,0,28399,8871,1800,411
1684374262,0,28391,8865,1796,411
1684374562,0,28393,8869,1795,412
1684374862,0,28465,8865,1792,412
1684375162,0,28514,8863,1790,412
1684375462,0,28490,8860,1787,412
1684375762,0,28487,8859,1785,411
1684376062,0,28524,8857,1783,411
1684376362,0,28440,8852,1779,411
1684376662,0,28430,8848,1778,411
1684376962,0,28460,8846,1775,413
1684377262,0,28467,8846,1770,412
1684377562,0,28442,8844,1769,412
1684377862,0,28462,8842,1767,413
1684378162,0,28493,8842,1765,414
1684378462,0,28341,8843,1762,414
1684378762,0,28300,8837,1760,413
1684379062,0,28174,8839,1757,413
1684379362,0,28109,8840,1754,412
1684379662,0,28048,8835,1752,412
1684379962,0,27813,8837,1750,413
1684380262,0,27719,8832,1746,413
1684380562,0,27551,8833,1745,412
1684380862,0,27602,8831,1743,412
1684381162,0,27449,8832,1741,413
1684381462,0,27360,8829,1737,412
1684381762,0,27350,8830,1736,413
1684382062,0,27349,8830,1733,413
1684382362,0,27332,8823,1731,412
1684382662,0,27334,8830,1729,412
1684382962,0,27264,8826,1728,413
1684383262,0,27274,8826,1726,413
1684383562,0,27212,8825,1724,413
1684383862,0,27226,8822,1720,411
1684384162,0,27205,8827,1719,412
1684384462,0,27188,8829,1717,412
1684384762,0,27037,8826,1716,413
1684385062,0,26957,8825,1714,413
1684385362,0,26926,8828,1712,413
1684385662,0,26880,8826,1710,412
1684385962,0,26828,8823,1708,412
1684386262,0,26769,8827,1707,412
1684386562,0,26712,8818,1704,413
1684386862,0,26701,8826,1704,412
1684387162,0,26471,8824,1704,412
1684387462,0,26380,8823,1703,412
1684387762,0,26077,8824,1700,412
1684388062,0,25997,8825,1699,412
1684388362,0,25990,8824,1696,413
1684388662,0,26015,8827,1695,413
1684388962,0,25957,8824,1695,414
1684389262,0,25984,8826,1695,413
1684389562,0,25863,8826,1694,413
1684389862,0,25671,8824,1693,413
1684390162,0,25724,8821,1692,414
1684390462,0,25346,8825,1692,411
1684390762,0,25344,8816,1693,413
1684391062,0,25277,8812,1694,414
1684391362,1,25287,8811,1695,414
1684391662,0,25309,8814,1694,414
1684391962,0,25466,8816,1692,413
1684392262,0,25293,8815,1691,414
1684392562,0,25223,8817,1691,415
1684392862,0,25063,8821,1694,414
1684393162,0,25161,8820,1699,412
1684393462,0,25245,8825,1699,412
1684393762,0,25325,8836,1699,415
1684394062,0,25240,8833,1695,411
1684394362,0,25106,8832,1698,415
1684394662,0,25091,8835,1696,415
1684394962,0,25141,8834,1695,413
1684395262,0,25182,8831,1699,412
1684395562,0,25150,8832,1701,414
1684395862,1,25103,8847,1701,413
1684396162,0,25104,8866,1702,414
1684396462,0,25067,8873,1706,413
1684396762,0,25162,8868,1712,414
1684397062,0,25223,8861,1715,413
1684397362,0,25358,8857,1715,414
1684397662,0,25412,8852,1714,414
1684397962,0,25371,8851,1714,413
1684398262,0,25115,8845,1715,412
1684398562,0,25083,8841,1715,415
1684398862,0,25773,8848,1725,412
1684399162,0,25597,8842,1729,414
1684399462,0,25717,8832,1719,415
1684399762,0,25650,8832,1718,413
1684400062,0,25586,8828,1721,413
1684400362,0,25557,8831,1729,415
1684400662,0,25440,8830,1737,415
1684400962,0,25354,8831,1745,412
1684401262,0,25180,8837,1749,413
1684401562,0,25219,8842,1750,414
1684401862,0,25381,8841,1751,415
1684402162,0,25207,8849,1749,412
1684402462,0,25206,8850,1750,414
1684402762,0,24884,8848,1753,414
1684403062,0,24879,8852,1757,414
1684403362,0,24736,8854,1761,413
1684403662,0,24379,8861,1766,413
1684403962,0,24036,8863,1770,415
1684404262,0,24225,8864,1781,415
1684404562,0,24285,8861,1795,416
1684404862,0,24422,8861,1812,414
1684405162,0,24294,8855,1829,416
1684405462,0,24334,8857,1843,416
1684405762,0,24266,8853,1854,415
1684406062,0,24573,8855,1864,413
1684406362,0,24720,8846,1870,416
1684406662,0,25013,8843,1870,414
1684406962,0,25330,8842,1871,416
1684407262,0,25244,8842,1874,416
1684407562,0,25366,8839,1876,414
1684407862,0,25208,8842,1878,416
1684408162,0,25211,8838,1877,415
1684408462,0,25114,8834,1881,413
1684408762,0,25105,8832,1895,413
1684409062,0,24836,8834,1920,413
1684409362,0,24993,8830,1934,413
1684409662,0,25194,8831,1943,413
1684409962,0,25274,8829,1942,414
1684410262,0,25297,8831,1939,414
1684410562,0,24996,8832,1943,415
1684410862,0,24853,8833,1960,415
1684411162,0,24939,8833,1974,414
1684411462,0,24789,8832,1987,415
1684411762,0,24961,8830,1995,416
1684412062,0,24534,8829,2007,415
1684412362,0,24619,8827,2021,415
1684412662,0,24921,8825,2037,415
1684412962,0,25053,8824,2055,415
1684413262,0,25125,8820,2067,415
1684413562,0,25234,8822,2078,415
1684413862,0,24806,8820,2089,416
1684414162,0,24782,8821,2102,415
1684414462,0,24751,8819,2116,415
1684414762,0,24707,8815,2128,415
1684415062,0,24745,8812,2133,415
1684415362,0,24727,8811,2135,415
1684415662,0,24419,8808,2143,414
1684415962,0,24338,8809,2154,416
1684416262,0,24257,8804,2165,415
1684416562,0,24180,8800,2172,415
1684416862,0,24169,8800,2176,415
1684417162,1,24136,8798,2179,415
1684417462,0,24297,8792,2183,414
1684417762,0,24267,8795,2186,415
1684418062,0,24314,8795,2188,415
1684418362,0,24314,8790,2190,416
1684418662,0,24573,8790,2194,415
1684418962,0,24305,8790,2195,415
1684419262,0,24303,8787,2194,416
1684419562,0,24324,8790,2193,415
1684419862,0,24586,8786,2198,415
1684420162,0,24303,8786,2209,415
1684420462,0,24218,8781,2218,415
1684420762,0,24380,8783,2224,415
1684421062,0,24427,8785,2226,415
1684421362,0,24491,8775,2226,415
1684421662,0,24401,8777,2227,415
1684421962,1,24413,8777,2232,416
1684422262,1,24372,8775,2238,417
1684422562,0,24482,8772,2241,417
1684422862,0,24651,8772,2242,415
1684423162,1,24694,8768,2243,417
1684423462,1,24704,8767,2249,417
1684423762,1,24509,8763,2257,417
1684424062,0,24748,8762,2262,417
1684424362,0,24957,8763,2267,418
1684424662,0,25020,8763,2269,417
1684424962,0,25296,8760,2272,417
1684425262,0,25371,8760,2275,415
1684425562,0,25439,8759,2278,417
1684425862,0,25474,8756,2282,416
1684426162,0,25455,8756,2283,415
1684426462,0,25564,8753,2284,415
1684426762,0,25368,8753,2282,416
1684427062,0,25315,8747,2281,415
1684427362,0,25418,8749,2281,415
1684427662,0,25301,8745,2282,415
1684427962,1,25470,8746,2281,415
1684428262,1,25596,8746,2279,418
1684428562,1,25701,8747,2281,416
1684428862,1,25669,8746,2281,417
1684429162,0,25878,8747,2280,416
1684429462,0,25834,8745,2278,416
1684429762,1,26007,8743,2273,417
1684430062,0,26022,8748,2270,416
1684430362,0,26352,8745,2269,417
1684430662,1,25955,8746,2266,417
1684430962,0,26025,8749,2263,417
1684431262,0,26064,8747,2260,417
1684431562,0,26125,8748,2259,418
1684431862,0,25923,8747,2257,417
1684432162,1,25926,8746,2254,417
1684432462,0,25939,8746,2252,417
1684432762,1,25983,8745,2247,416
1684433062,0,26459,8744,2242,415
1684433362,0,26130,8746,2238,416
1684433662,0,26128,8745,2234,415
1684433962,0,26298,8744,2229,415
1684434262,0,26221,8743,2224,415
1684434562,0,26322,8744,2218,418
1684434862,0,26481,8744,2214,415
1684435162,0,26543,8744,2210,419
1684435462,0,26576,8743,2205,418
1684435762,0,26567,8745,2199,417
1684436062,0,26996,8748,2196,417
1684436362,0,27122,8746,2193,415
1684436662,0,27493,8745,2189,419
1684436962,0,27445,8746,2185,417
1684437262,0,27322,8750,2182,417
1684437562,0,27447,8744,2179,419
1684437862,0,27751,8748,2175,416
1684438162,0,27500,8749,2171,415
1684438462,0,27538,8750,2168,416
1684438762,0,27612,8751,2164,419
1684439062,0,27639,8752,2160,419
1684439362,0,27558,8753,2157,415
1684439662,0,27715,8750,2152,418
1684439962,0,27550,8753,2148,418
1684440262,0,27757,8753,2145,418
1684440562,0,27282,8753,2142,417
1684440862,0,27251,8754,2139,418
1684441162,0,27342,8756,2136,415
1684441462,0,27400,8753,2133,415
1684441762,0,27425,8751,2130,415
1684442062,0,27478,8754,2127,417
1684442362,0,27569,8753,2124,418
1684442662,0,27510,8753,2121,418
1684442962,0,27522,8753,2118,416
1684443262,0,27634,8751,2114,417
1684443562,0,27190,8754,2111,417
1684443862,0,26753,8755,2107,418
1684444162,0,25974,8752,2104,418
1684444462,0,25822,8755,2102,418
1684444762,0,25628,8753,2099,417
1684445062,0,25732,8753,2096,415
1684445362,0,25802,8752,2093,418
1684445662,0,25450,8752,2091,417
1684445962,0,25602,8753,2088,415
1684446262,0,25575,8755,2085,415
1684446562,0,25701,8753,2082,418
1684446862,0,25710,8748,2078,417
1684447162,0,25509,8754,2075,419
1684447462,0,25516,8753,2071,417
1684447762,0,25596,8752,2068,415
1684448062,0,25236,8756,2066,416
1684448362,0,25288,8756,2064,418
1684448662,0,25291,8754,2062,419
1684448962,0,25375,8752,2060,418
1684449262,0,25450,8754,2058,418
1684449562,0,25492,8757,2056,419
1684449862,0,25171,8756,2054,419
1684450162,0,25085,8758,2051,415
1684450462,0,24557,8756,2048,416
1684450762,0,24441,8760,2045,416
1684451062,0,24168,8760,2045,416
1684451362,0,24155,8762,2043,417
1684451662,0,23449,8758,2041,418
1684451962,0,23552,8756,2040,418
1684452262,0,23743,8755,2037,418
1684452562,0,23492,8753,2036,417
1684452862,0,23291,8751,2034,418
1684453162,0,23200,8751,2032,418
1684453462,0,23271,8751,2029,417
1684453762,0,23377,8752,2028,418
1684454062,0,23444,8749,2026,418
1684454362,0,23014,8752,2025,418
1684450162,0,25085,8758,2051,415
1684450462,0,24557,8756,2048,416
1684450762,0,24441,8760,2045,416
1684451062,0,24168,8760,2045,416
1684451362,0,24155,8762,2043,417
1684451662,0,23449,8758,2041,418
1684451962,0,23552,8756,2040,418
1684452262,0,23743,8755,2037,418