If found, please contact tlang@live.unc.edu
Firmware updated: 2023/03/14
OpenOBS SN:301

time,ambient_light,backscatter,pressure,water_temp,battery
1683331462,0,9746,8778,1892,425
1683331762,0,9925,8778,1887,417
1683332062,0,9934,8778,1882,420
1683332362,0,10146,8774,1878,420
1683332662,0,9952,8776,1873,420
1683332962,0,10354,8775,1869,419
1683333262,0,10480,8775,1864,419
1683333562,0,10590,8775,1860,419
1683333862,0,10692,8774,1856,421
1683334162,0,10624,8774,1851,419
1683334462,0,10796,8774,1846,420
1683334762,0,10946,8772,1843,420
1683335062,0,10873,8773,1837,419
1683335362,0,10627,8774,1834,419
1683335662,0,10981,8774,1829,419
1683335962,0,10936,8774,1826,417
1683336262,0,11053,8775,1821,420
1683336562,0,11042,8773,1817,420
1683336862,0,11124,8772,1812,420
1683337162,0,11236,8773,1809,419
1683337462,0,11143,8774,1803,420
1683337762,0,11150,8774,1798,421
1683338062,0,11206,8773,1794,418
1683338362,0,11335,8772,1789,421
1683338662,0,11409,8773,1785,417
1683338962,0,11374,8771,1781,421
1683339262,0,11491,8770,1777,420
1683339562,0,11477,8773,1773,417
1683339862,0,11256,8771,1768,417
1683340162,0,11260,8770,1764,417
1683340462,0,10733,8770,1760,419
1683340762,0,10774,8768,1754,420
1683341062,0,10803,8770,1751,417
1683341362,0,10829,8769,1746,418
1683341662,0,10750,8770,1743,418
1683341962,0,10928,8769,1739,418
1683342262,0,11081,8770,1735,419
1683342562,0,11044,8770,1731,418
1683342862,0,11144,8769,1727,419
1683343162,0,11067,8771,1721,420
1683343462,0,11135,8769,1718,420
1683343762,0,11114,8767,1714,418
1683344062,0,11197,8768,1710,420
1683344362,0,11258,8769,1706,419
1683344662,0,11395,8768,1702,419
1683344962,0,11332,8769,1698,418
1683345262,0,11418,8767,1694,419
1683345562,0,11565,8768,1691,418
1683345862,0,11561,8768,1687,418
1683346162,0,11700,8770,1684,417
1683346462,0,11493,8770,1679,418
1683346762,0,11552,8771,1676,418
1683347062,0,11226,8770,1673,418
1683347362,0,11582,8771,1669,417
1683347662,0,11538,8772,1665,418
1683347962,0,11741,8773,1662,417
1683348262,0,11854,8774,1657,420
1683348562,0,11775,8769,1654,418
1683348862,0,11758,8772,1650,418
1683349162,0,11658,8773,1645,419
1683349462,1,11632,8769,1643,418
1683349762,3,11628,8769,1639,419
1683350062,9,11595,8773,1636,418
1683350362,18,11530,8771,1633,419
1683350662,33,11601,8775,1629,418
1683350962,51,11574,8775,1628,418
1683351262,82,11685,8772,1627,420
1683351562,127,12111,8773,1624,418
1683351862,171,12404,8773,1620,418
1683352162,227,12149,8773,1619,419
1683352462,281,12278,8773,1617,418
1683352762,339,12073,8774,1614,418
1683353062,358,12608,8775,1614,418
1683353362,391,12393,8776,1612,420
1683353662,486,12005,8778,1612,418
1683353962,504,12482,8779,1609,419
1683354262,599,12573,8779,1604,419
1683354562,648,11627,8782,1604,419
1683354862,701,11479,8780,1603,418
1683355162,782,12043,8781,1602,420
1683355462,853,11501,8785,1603,419
1683355762,947,11911,8784,1603,420
1683356062,980,11525,8782,1603,419
1683356362,1039,11371,8785,1604,418
1683356662,1012,11926,8785,1608,418
1683356962,1056,11672,8786,1612,419
1683357262,1125,12006,8786,1616,422
1683357562,878,11994,8788,1621,420
1683357862,448,11738,8789,1629,415
1683358162,938,11597,8786,1634,418
1683358462,1175,11747,8789,1640,415
1683358762,887,12034,8789,1645,419
1683359062,1256,11758,8789,1653,422
1683359362,1268,11213,8791,1659,420
1683359662,1176,11061,8791,1668,420
1683359962,1554,11423,8791,1675,418
1683360262,1621,11230,8791,1683,419
1683360562,1688,11305,8790,1692,420
1683360862,1654,11428,8791,1702,420
1683361162,1475,11114,8787,1714,418
1683361462,1511,11451,8788,1725,419
1683361762,1434,11780,8791,1735,419
1683362062,1277,11539,8786,1746,419
1683362362,1171,11891,8787,1760,420
1683362662,1238,11138,8786,1774,418
1683362962,1345,11244,8787,1787,419
1683363262,1527,11619,8786,1801,419
1683363562,1593,11622,8784,1817,420
1683363862,1654,11544,8784,1833,420
1683364162,1386,11799,8782,1848,420
1683364462,1508,11728,8782,1864,420
1683364762,1343,11715,8784,1879,420
1683365062,1628,11927,8785,1895,422
1683365362,1749,11668,8784,1912,421
1683365662,1731,11790,8785,1929,420
1683365962,1657,11385,8783,1945,421
1683366262,1465,11603,8784,1962,421
1683366562,1416,11462,8783,1979,421
1683366862,654,11295,8783,1998,421
1683367162,1402,11286,8784,2014,420
1683367462,1569,11261,8781,2032,421
1683367762,1583,11432,8783,2050,422
1683368062,1193,10979,8783,2067,422
1683368362,1270,11483,8779,2086,422
1683368662,1196,11519,8782,2105,422
1683368962,801,11679,8783,2125,422
1683369262,811,11875,8779,2144,421
1683369562,671,12195,8781,2165,421
1683369862,733,12140,8777,2184,422
1683370162,808,11883,8779,2202,421
1683370462,738,12520,8777,2220,421
1683370762,724,11847,8780,2238,422
1683371062,740,12362,8777,2258,423
1683371362,822,12337,8776,2278,423
1683371662,803,12151,8777,2298,423
1683371962,976,12673,8775,2318,422
1683372262,1080,12691,8777,2337,422
1683372562,913,12879,8773,2356,420
1683372862,933,12890,8775,2369,423
1683373162,1282,12880,8776,2376,421
1683373462,1227,12840,8775,2381,420
1683373762,1217,12868,8772,2396,420
1683374062,1168,12730,8771,2413,422
1683374362,1276,12952,8766,2436,420
1683374662,1378,13010,8768,2459,423
1683374962,1442,13127,8766,2481,423
1683375262,1344,12950,8766,2493,423
1683375562,775,13133,8771,2503,422
1683375862,564,12819,8774,2510,423
1683376162,683,12563,8769,2514,423
1683376462,608,12900,8767,2524,423
1683376762,651,13002,8762,2536,423
1683377062,687,13245,8760,2545,423
1683377362,708,13294,8761,2561,423
1683377662,722,13543,8760,2577,423
1683377962,134,13771,8758,2585,420
1683378262,575,13605,8768,2599,420
1683378562,472,13491,8766,2612,420
1683378862,345,13583,8766,2616,420
1683379162,440,13763,8762,2618,420
1683379462,506,13885,8758,2628,420
1683379762,357,14192,8756,2642,423
1683380062,284,14468,8753,2654,423
1683380362,337,14553,8749,2655,420
1683380662,354,14822,8750,2663,420
1683380962,263,14998,8749,2667,423
1683381262,316,15187,8751,2671,422
1683381562,343,15018,8750,2672,423
1683381862,399,14666,8748,2673,423
1683382162,489,14545,8747,2678,422
1683382462,449,14391,8745,2679,423
1683382762,417,14016,8749,2682,423
1683383062,342,14108,8747,2688,422
1683383362,299,14474,8743,2697,423
1683383662,360,14303,8742,2702,422
1683383962,475,14360,8740,2704,423
1683384262,530,14356,8742,2701,423
1683384562,571,14573,8743,2698,423
1683384862,170,15039,8740,2684,423
1683385162,363,15137,8738,2683,423
1683385462,498,15136,8738,2684,423
1683385762,423,15482,8736,2690,423
1683386062,512,15266,8735,2694,423
1683386362,360,15457,8731,2693,423
1683386662,321,15494,8733,2690,423
1683386962,363,15737,8733,2684,425
1683387262,266,15920,8736,2680,424
1683387562,349,15807,8734,2672,423
1683387862,281,16030,8731,2663,425
1683388162,233,16024,8730,2658,423
1683388462,172,16484,8733,2652,400
1683388762,222,16519,8731,2642,400
1683389062,233,16888,8729,2625,400
1683389362,239,17060,8727,2608,401
1683389662,204,17466,8725,2596,401
1683389962,250,17125,8722,2584,399
1683390262,232,17292,8717,2566,399
1683390562,417,17248,8711,2550,401
1683390862,542,17142,8705,2532,400
1683391162,654,17259,8699,2514,401
1683391462,675,17541,8695,2498,400
1683391762,545,17651,8690,2480,400
1683392062,486,18161,8689,2464,399
1683392362,155,17835,8694,2449,399
1683392662,431,17975,8695,2442,399
1683392962,425,17833,8693,2428,399
1683393262,416,18183,8690,2420,402
1683393562,388,18001,8687,2415,399
1683393862,437,18022,8683,2411,399
1683394162,456,18153,8678,2415,402
1683394462,486,18460,8674,2400,398
1683394762,459,18140,8675,2383,399
1683395062,264,18612,8700,2355,398
1683395362,111,18351,8719,2365,401
1683395662,56,18679,8726,2370,401
1683395962,19,18897,8728,2364,401
1683396262,9,19100,8726,2359,401
1683396562,11,19188,8731,2349,401
1683396862,24,19141,8728,2340,401
1683397162,32,19019,8729,2338,401
1683397462,25,18944,8730,2333,401
1683397762,19,18974,8728,2326,401
1683398062,11,19439,8727,2325,401
1683398362,7,19284,8729,2319,401
1683398662,3,19121,8730,2315,401
1683398962,0,18874,8727,2307,403
1683399262,0,19193,8729,2300,400
1683399562,0,19289,8729,2290,401
1683399862,0,19551,8730,2278,399
1683400162,0,19552,8731,2268,401
1683400462,0,20125,8730,2258,399
1683400762,0,19702,8732,2246,401
1683401062,0,19321,8731,2235,401
1683401362,0,19445,8732,2223,401
1683401662,0,19168,8732,2213,401
1683401962,0,19032,8732,2204,399
1683402262,0,18832,8734,2195,401
1683402562,0,18136,8733,2187,400
1683402862,0,17706,8735,2182,400
1683403162,0,17604,8735,2173,399
1683403462,0,17268,8737,2167,400
1683403762,0,17780,8736,2159,401
1683404062,0,17453,8739,2151,401
1683404362,0,18044,8738,2142,400
1683404662,0,17936,8741,2134,402
1683404962,0,17802,8742,2126,398
1683405262,0,18044,8742,2119,399
1683405562,0,18305,8742,2111,402
1683405862,0,17388,8744,2104,398
1683406162,0,18722,8745,2098,402
1683406462,0,17173,8746,2091,402
1683406762,0,17372,8745,2085,400
1683407062,0,17604,8748,2078,401
1683407362,0,17420,8746,2072,402
1683407662,0,17358,8749,2066,399
1683407962,0,16912,8750,2060,398
1683408262,0,17120,8750,2055,400
1683408562,0,17484,8754,2049,399
1683408862,0,17101,8754,2043,400
1683409162,0,17146,8753,2037,399
1683409462,0,17343,8754,2033,400
1683409762,0,17418,8752,2028,400
1683410062,0,17868,8754,2021,400
1683410362,0,18114,8755,2017,401
1683410662,0,17605,8756,2011,400
1683410962,0,18157,8756,2007,400
1683411262,0,17941,8754,2001,400
1683411562,0,18084,8753,1998,399
1683411862,0,18109,8753,1993,398
1683412162,0,17630,8755,1987,399
1683412462,0,18215,8755,1982,399
1683412762,0,18661,8754,1977,398
1683413062,0,17365,8755,1971,400
1683413362,0,18088,8755,1968,400
1683413662,0,16723,8754,1962,399
1683413962,0,16523,8757,1958,399
1683414262,0,16327,8754,1953,401
1683414562,0,16963,8754,1949,401
1683414862,0,16321,8752,1943,399
1683415162,0,15926,8748,1937,399
1683415462,0,15965,8748,1933,399
1683415762,0,16060,8748,1929,399
1683416062,0,16839,8747,1923,402
1683416362,0,16201,8744,1919,399
1683416662,0,16574,8746,1915,402
1683416962,0,16349,8743,1911,402
1683417262,0,16067,8741,1907,402
1683417562,0,16258,8741,1904,399