If found, please contact tlang@live.unc.edu
Firmware updated: 2023/03/14
OpenOBS SN:301

time,ambient_light,backscatter,pressure,water_temp,battery
1682208262,0,20957,8694,1715,426
1682208562,0,20996,8696,1712,419
1682208862,0,21025,8695,1710,419
1682209162,0,21046,8697,1708,420
1682209462,0,21066,8695,1704,419
1682209762,0,21129,8695,1703,395
1682210062,0,21113,8696,1701,397
1682210362,0,21129,8696,1699,395
1682210662,0,21178,8697,1696,399
1682210962,0,21196,8694,1695,396
1682211262,0,21187,8697,1694,398
1682211562,0,21244,8695,1691,395
1682211862,0,21244,8693,1690,396
1682212162,0,21246,8692,1687,397
1682212462,0,21297,8692,1686,397
1682212762,0,21334,8695,1682,397
1682213062,0,21359,8695,1679,397
1682213362,0,21420,8694,1676,397
1682213662,0,21448,8694,1671,396
1682213962,0,21533,8694,1669,396
1682214262,0,21555,8694,1665,397
1682214562,0,21578,8692,1662,397
1682214862,0,21621,8694,1658,396
1682215162,0,21654,8692,1654,396
1682215462,0,21737,8693,1652,397
1682215762,0,21709,8693,1648,398
1682216062,0,21798,8694,1644,398
1682216362,0,21809,8695,1641,396
1682216662,0,21880,8691,1637,397
1682216962,0,21867,8694,1635,398
1682217262,0,21934,8694,1632,398
1682217562,0,21971,8694,1629,397
1682217862,0,22011,8696,1625,396
1682218162,0,22062,8696,1621,398
1682218462,0,22105,8694,1618,396
1682218762,0,22167,8694,1615,396
1682219062,0,22244,8695,1612,398
1682219362,0,22231,8693,1610,396
1682219662,0,22266,8695,1604,398
1682219962,0,22271,8694,1602,397
1682220262,0,22283,8697,1599,398
1682220562,0,22361,8698,1597,397
1682220862,0,22409,8700,1595,396
1682221162,0,22989,8700,1594,396
1682221462,0,22372,8698,1594,399
1682221762,0,22410,8699,1591,396
1682222062,0,22450,8703,1590,396
1682222362,0,22511,8699,1587,397
1682222662,0,22548,8700,1582,397
1682222962,0,22607,8698,1580,397
1682223262,0,22630,8702,1577,397
1682223562,0,22693,8701,1573,396
1682223862,0,22754,8703,1569,396
1682224162,0,22750,8705,1565,397
1682224462,0,22804,8704,1562,396
1682224762,0,22820,8707,1557,397
1682225062,0,22831,8705,1555,397
1682225362,0,22866,8706,1553,397
1682225662,0,22897,8709,1551,397
1682225962,0,22936,8707,1548,397
1682226262,0,22965,8708,1547,398
1682226562,0,23001,8711,1546,399
1682226862,0,23056,8712,1545,397
1682227162,5,23030,8709,1541,396
1682227462,13,23083,8710,1538,396
1682227762,25,23128,8712,1533,398
1682228062,49,23156,8711,1527,397
1682228362,81,23164,8713,1521,397
1682228662,144,23199,8713,1515,398
1682228962,211,23187,8714,1509,398
1682229262,292,23233,8716,1505,397
1682229562,392,23284,8715,1500,397
1682229862,485,23288,8717,1496,397
1682230162,601,23334,8718,1492,397
1682230462,735,23393,8720,1488,397
1682230762,870,23426,8720,1492,397
1682231062,992,23412,8717,1493,397
1682231362,1150,23474,8719,1492,397
1682231662,1262,23498,8721,1497,397
1682231962,1409,23495,8721,1498,398
1682232262,1567,23631,8720,1508,397
1682232562,1649,23525,8719,1514,399
1682232862,1866,23521,8721,1512,398
1682233162,2011,23530,8720,1510,398
1682233462,2311,23578,8720,1513,398
1682233762,2452,23624,8720,1521,397
1682234062,2770,23622,8718,1520,397
1682234362,2902,23634,8715,1536,397
1682234662,2853,23608,8717,1549,397
1682234962,2945,23631,8720,1547,398
1682235262,2977,23704,8730,1556,397
1682235562,3353,23739,8729,1557,397
1682235862,3367,23541,8733,1558,397
1682236162,3757,23489,8730,1565,398
1682236462,3102,23632,8734,1576,399
1682236762,3651,23992,8731,1586,398
1682237062,3586,23983,8733,1597,399
1682237362,3324,24368,8735,1618,399
1682237662,2701,24053,8734,1642,398
1682237962,3466,24110,8733,1656,398
1682238262,3298,24156,8734,1667,399
1682238562,3078,24328,8735,1679,399
1682238862,2556,24539,8735,1693,399
1682239162,2698,24599,8734,1712,399
1682239462,2952,24796,8737,1729,399
1682239762,3313,24891,8735,1743,400
1682240062,3571,24973,8735,1753,400
1682240362,3706,24938,8734,1766,400
1682240662,3519,25004,8734,1783,400
1682240962,3196,25028,8735,1801,400
1682241262,3631,25061,8732,1817,400
1682241562,4034,25039,8735,1834,400
1682241862,4256,25126,8734,1852,401
1682242162,4240,25112,8734,1869,399
1682242462,3984,25137,8734,1887,400
1682242762,4052,25115,8736,1908,399
1682243062,3527,25073,8732,1927,401
1682243362,3099,25081,8734,1945,401
1682243662,3313,25032,8733,1962,398
1682243962,3600,25127,8734,1979,400
1682244262,3836,25033,8734,1996,399
1682244562,3723,25002,8736,2015,399
1682244862,3559,25039,8735,2034,399
1682245162,3424,25149,8735,2054,401
1682245462,3206,25267,8733,2073,399
1682245762,3051,25336,8733,2090,399
1682246062,2970,25458,8731,2106,399
1682246362,2796,25545,8731,2123,399
1682246662,2806,25632,8733,2141,399
1682246962,2901,25715,8733,2158,399
1682247262,3171,25740,8732,2177,399
1682247562,2951,25753,8731,2197,399
1682247862,3199,25754,8730,2216,402
1682248162,2983,25787,8730,2234,402
1682248462,2782,25846,8730,2244,402
1682248762,2932,25775,8727,2257,399
1682249062,2966,25873,8726,2267,402
1682249362,3065,25960,8724,2281,402
1682249662,3172,25962,8725,2299,402
1682249962,2960,25975,8720,2312,401
1682250262,2717,26094,8718,2322,402
1682250562,2793,26126,8714,2328,402
1682250862,3056,26206,8711,2348,402
1682251162,1683,26112,8709,2365,402
1682251462,2333,26109,8705,2372,402
1682251762,3172,26143,8704,2370,402
1682252062,2466,26170,8701,2367,402
1682252362,2334,26154,8697,2360,402
1682252662,2003,26202,8696,2336,401
1682252962,2897,26191,8692,2315,401
1682253262,5209,27389,8690,2304,403
1682253562,5752,28194,8688,2293,404
1682253862,8232,31706,8688,2287,402
1682254162,7906,33896,8684,2271,401
1682254462,7805,34360,8685,2259,402
1682254762,8115,33805,8683,2255,400
1682255062,8941,34470,8682,2254,400
1682255362,8407,34203,8683,2257,401
1682255662,6011,34251,8681,2245,400
1682255962,7276,34562,8678,2241,400
1682256262,8297,35060,8676,2245,401
1682256562,7903,35151,8676,2235,401
1682256862,7915,35246,8677,2228,400
1682257162,7214,35351,8676,2227,400
1682257462,5973,35546,8672,2229,400
1682257762,5148,35745,8671,2221,400
1682258062,4319,36150,8672,2225,400
1682258362,3314,36331,8672,2218,400
1682258662,2894,36112,8675,2218,399
1682258962,3404,36465,8673,2216,401
1682259262,4276,36584,8677,2207,400
1682259562,5059,36628,8676,2199,402
1682259862,4962,36654,8677,2207,403
1682260162,4533,36704,8677,2210,403
1682260462,4533,36425,8680,2209,403
1682260762,5319,36460,8674,2214,402
1682261062,5471,34518,8677,2215,402
1682261362,5779,34723,8676,2218,402
1682261662,5824,34830,8675,2220,402
1682261962,5562,34413,8676,2213,402
1682262262,4934,33575,8676,2210,402
1682262562,4666,33014,8676,2204,403
1682262862,4956,33614,8674,2198,402
1682263162,5080,32929,8675,2192,402
1682263462,3563,32865,8676,2197,402
1682263762,4762,33509,8676,2200,402
1682264062,5268,32862,8675,2207,402
1682264362,4682,30833,8676,2204,402
1682264662,4734,31096,8673,2202,402
1682264962,5050,32399,8673,2202,403
1682265262,5112,32569,8670,2198,402
1682265562,5156,33428,8671,2195,400
1682265862,5186,34844,8669,2195,403
1682266162,5346,35509,8669,2191,401
1682266462,5297,35476,8667,2183,402
1682266762,5118,35753,8670,2170,402
1682267062,5306,35917,8668,2159,402
1682267362,5697,36059,8670,2141,401
1682267662,5907,35674,8671,2130,402
1682267962,5577,35690,8670,2114,402
1682268262,4924,35894,8673,2097,403
1682268562,4361,36050,8670,2086,401
1682268862,4096,36073,8670,2077,401
1682269162,3897,36232,8666,2069,400
1682269462,3771,36374,8668,2058,400
1682269762,3556,36457,8668,2041,401
1682270062,3330,36821,8669,2029,401
1682270362,3009,37193,8668,2025,401
1682270662,2628,37357,8668,2012,401
1682270962,2301,37414,8668,2012,400
1682271262,1775,37411,8673,2010,405
1682271562,1369,37521,8673,2003,401
1682271862,1176,37534,8674,2003,404
1682272162,927,37393,8673,2004,401
1682272462,890,37283,8676,1994,402
1682272762,697,36971,8678,2000,401
1682273062,315,37279,8682,1998,402
1682273362,171,37306,8685,1994,401
1682273662,90,37700,8691,1981,402
1682273962,33,37690,8689,1968,402
1682274262,10,37745,8691,1959,402
1682274562,2,37517,8694,1945,401
1682274862,0,37730,8695,1933,402
1682275162,1,37854,8694,1912,401
1682275462,1,37272,8693,1882,401
1682275762,0,38301,8692,1851,400
1682276062,0,38384,8691,1842,400
1682276362,0,38592,8695,1829,400
1682276662,0,38832,8696,1831,400
1682276962,0,38579,8695,1816,399
1682277262,0,38838,8694,1816,399
1682277562,0,38642,8700,1817,401
1682277862,0,38789,8700,1820,400
1682278162,0,38804,8701,1806,400
1682278462,0,38839,8702,1814,402
1682278762,0,38914,8700,1812,403
1682279062,0,38760,8703,1816,399
1682279362,0,38104,8703,1808,399
1682279662,0,38242,8705,1803,402
1682279962,0,38292,8698,1796,402
1682280262,0,38469,8698,1802,400
1682280562,0,38642,8698,1794,401
1682280862,0,38233,8701,1794,401
1682281162,0,38243,8703,1781,399
1682281462,0,38422,8705,1786,402
1682281762,0,38714,8704,1789,400
1682282062,0,38933,8708,1782,400
1682282362,0,39133,8708,1775,400
1682282662,0,39254,8708,1777,401
1682282962,0,39687,8705,1771,400
1682283262,0,40117,8706,1762,402
1682283562,0,40191,8708,1766,400
1682283862,0,40619,8709,1764,400
1682284162,0,41266,8708,1754,400
1682284462,0,39272,8710,1753,402
1682284762,0,38937,8713,1744,401
1682285062,0,39516,8716,1741,402
1682285362,0,39967,8715,1750,400
1682285662,0,39827,8712,1748,401
1682285962,0,40356,8714,1737,401
1682286262,0,40167,8714,1731,401
1682286562,0,39039,8717,1728,402
1682286862,0,38087,8715,1724,402
1682287162,0,39105,8716,1712,402
1682287462,0,39678,8718,1708,402
1682287762,0,39056,8718,1712,401
1682288062,0,38723,8718,1711,401
1682288362,0,39067,8718,1712,402
1682288662,0,39536,8715,1704,402
1682288962,0,39588,8719,1695,401
1682289262,0,39528,8720,1699,402
1682289562,0,39580,8719,1704,400
1682289862,0,39815,8720,1706,400
1682290162,0,38047,8719,1707,404
1682290462,0,38266,8723,1711,403
1682290762,0,38326,8724,1712,399
1682291062,0,37330,8719,1712,402
1682291362,0,37659,8722,1710,399
1682291662,0,37374,8725,1726,400
1682291962,0,37166,8721,1726,399
1682292262,0,36288,8722,1720,402
1682292562,0,36264,8719,1720,400
1682292862,0,36407,8717,1721,399
1682293162,0,363