If found, please contact tlang@live.unc.edu
Firmware updated: 2023/03/14
OpenOBS SN:301

time,ambient_light,backscatter,pressure,water_temp,battery
1682813062,0,26700,8780,1779,407
1682813362,0,27028,8781,1778,399
1682813662,0,26986,8782,1775,399
1682813962,0,27672,8782,1773,400
1682814262,0,27197,8782,1770,400
1682814562,0,26763,8781,1769,401
1682814862,0,27355,8782,1767,401
1682815162,0,27533,8779,1764,399
1682815462,0,27622,8779,1762,399
1682815762,0,27931,8780,1759,401
1682816062,0,27276,8781,1757,397
1682816362,0,27406,8780,1754,399
1682816662,0,27561,8779,1753,397
1682816962,0,27387,8777,1751,397
1682817262,0,27712,8776,1749,397
1682817562,0,27917,8777,1746,397
1682817862,0,27632,8778,1745,397
1682818162,0,27441,8779,1744,399
1682818462,0,27756,8777,1743,399
1682818762,0,27380,8778,1740,398
1682819062,0,27837,8778,1737,398
1682819362,0,27627,8778,1735,400
1682819662,0,28266,8779,1733,400
1682819962,0,27426,8774,1731,399
1682820262,0,27662,8773,1729,399
1682820562,0,27390,8773,1727,399
1682820862,0,28054,8772,1726,398
1682821162,0,27245,8771,1725,399
1682821462,0,27851,8771,1721,400
1682821762,0,27835,8770,1720,398
1682822062,0,28265,8770,1718,398
1682822362,0,28221,8767,1716,397
1682822662,0,28366,8771,1714,398
1682822962,0,28662,8769,1712,398
1682823262,0,27879,8769,1710,398
1682823562,0,28390,8767,1708,398
1682823862,0,28118,8767,1706,399
1682824162,0,28776,8769,1704,398
1682824462,0,28425,8769,1702,399
1682824762,0,28956,8769,1700,399
1682825062,0,28554,8768,1698,399
1682825362,0,28415,8768,1695,398
1682825662,0,27759,8766,1695,399
1682825962,0,29193,8765,1693,397
1682826262,0,28809,8769,1692,399
1682826562,0,28894,8767,1690,398
1682826862,0,28747,8768,1687,399
1682827162,0,29320,8769,1685,399
1682827462,0,28446,8767,1683,399
1682827762,0,28842,8769,1681,399
1682828062,0,29271,8769,1679,399
1682828362,0,28971,8769,1679,399
1682828662,0,28659,8767,1677,399
1682828962,0,29177,8771,1676,400
1682829262,0,29317,8772,1674,399
1682829562,0,28336,8772,1673,399
1682829862,0,28141,8769,1671,399
1682830162,0,28942,8772,1670,398
1682830462,0,28706,8770,1670,399
1682830762,0,29249,8775,1669,398
1682831062,0,29737,8773,1668,399
1682831362,0,28952,8776,1667,399
1682831662,0,28505,8772,1667,398
1682831962,0,28677,8775,1666,399
1682832262,0,28786,8777,1664,399
1682832562,0,29582,8778,1662,399
1682832862,1,28832,8776,1662,398
1682833162,1,30000,8779,1662,399
1682833462,4,29094,8779,1662,399
1682833762,7,28694,8780,1661,400
1682834062,7,29309,8780,1661,400
1682834362,13,29335,8781,1659,399
1682834662,18,28735,8782,1662,399
1682834962,13,29401,8782,1667,400
1682835262,25,28905,8783,1671,400
1682835562,15,29820,8783,1673,400
1682835862,28,29203,8782,1673,399
1682836162,21,29034,8781,1678,399
1682836462,29,29007,8779,1679,399
1682836762,31,29090,8775,1682,400
1682837062,47,28986,8770,1684,395
1682837362,55,29124,8767,1687,399
1682837662,89,28753,8771,1687,398
1682837962,111,28645,8777,1687,400
1682838262,60,29009,8780,1691,400
1682838562,113,30159,8780,1692,400
1682838862,105,29190,8779,1695,400
1682839162,60,29959,8780,1701,399
1682839462,88,28969,8781,1706,400
1682839762,81,28986,8786,1709,400
1682840062,129,28828,8782,1711,400
1682840362,131,29089,8780,1715,399
1682840662,98,29225,8783,1720,401
1682840962,39,29109,8784,1728,400
1682841262,53,29130,8786,1732,401
1682841562,81,28869,8786,1734,401
1682841862,95,29165,8784,1740,401
1682842162,91,29142,8786,1745,401
1682842462,40,29792,8788,1752,402
1682842762,35,29936,8789,1754,401
1682843062,64,29082,8790,1757,401
1682843362,29,29924,8788,1758,401
1682843662,16,29992,8794,1759,403
1682843962,48,29574,8792,1761,402
1682844262,45,29486,8793,1760,402
1682844562,68,30011,8795,1761,399
1682844862,101,29488,8789,1762,402
1682845162,98,29455,8790,1767,399
1682845462,93,29612,8790,1770,402
1682845762,139,29358,8792,1776,402
1682846062,131,29707,8790,1781,402
1682846362,105,29590,8790,1787,402
1682846662,94,29787,8793,1795,402
1682846962,91,29708,8792,1801,402
1682847262,116,29734,8792,1808,401
1682847562,144,29632,8790,1814,401
1682847862,70,30595,8788,1820,401
1682848162,118,29759,8787,1826,401
1682848462,69,30555,8789,1832,401
1682848762,122,29969,8790,1837,402
1682849062,64,30221,8789,1841,402
1682849362,148,29832,8790,1846,402
1682849662,125,29977,8789,1854,402
1682849962,135,29767,8787,1862,402
1682850262,93,30371,8788,1870,402
1682850562,146,30332,8785,1879,402
1682850862,118,30356,8785,1889,401
1682851162,139,29973,8786,1899,401
1682851462,88,30092,8782,1907,401
1682851762,55,30843,8783,1912,399
1682852062,44,30341,8782,1915,404
1682852362,41,30050,8774,1916,402
1682852662,29,30318,8777,1915,400
1682852962,15,30348,8776,1912,400
1682853262,18,30041,8777,1910,402
1682853562,21,30068,8776,1906,403
1682853862,13,30144,8776,1903,404
1682854162,9,30778,8773,1899,403
1682854462,19,30086,8774,1896,402
1682854762,11,30555,8774,1895,402
1682855062,9,30405,8775,1894,399
1682855362,12,30318,8777,1894,402
1682855662,11,30386,8775,1893,402
1682855962,9,30534,8777,1892,399
1682856262,4,30663,8778,1891,400
1682856562,3,30735,8782,1889,400
1682856862,4,30476,8780,1887,404
1682857162,6,30396,8783,1884,400
1682857462,5,30598,8782,1881,401
1682857762,3,30342,8780,1877,401
1682858062,2,30842,8781,1873,400
1682858362,1,31004,8779,1869,401
1682858662,4,30461,8782,1867,402
1682858962,1,30831,8779,1862,401
1682859262,5,30574,8782,1859,403
1682859562,3,30867,8781,1854,402
1682859862,7,30767,8782,1850,400
1682860162,3,30847,8784,1846,402
1682860462,4,30774,8784,1845,401
1682860762,3,30858,8784,1843,402
1682861062,4,30634,8785,1841,402
1682861362,5,30281,8785,1839,402
1682861662,3,30407,8781,1837,401
1682861962,15,29933,8787,1835,401
1682862262,9,30625,8790,1833,401
1682862562,6,30982,8786,1832,402
1682862862,8,30889,8785,1832,402
1682863162,38,29986,8788,1836,401
1682863462,10,30962,8785,1839,403
1682863762,8,31084,8782,1843,403
1682864062,16,31290,8779,1846,401
1682864362,10,31337,8781,1851,401
1682864662,17,30410,8781,1854,402
1682864962,10,30661,8782,1857,402
1682865262,1,31458,8783,1860,401
1682865562,2,31124,8787,1861,402
1682865862,4,30648,8782,1862,401
1682866162,4,30777,8783,1862,401
1682866462,6,30887,8782,1862,401
1682866762,4,30838,8778,1862,401
1682867062,2,31307,8778,1862,404
1682867362,3,31024,8777,1865,402
1682867662,2,31274,8778,1865,401
1682867962,6,30956,8776,1866,402
1682868262,4,31073,8774,1865,402
1682868562,6,31066,8775,1865,401
1682868862,1,31716,8771,1864,401
1682869162,8,31068,8771,1864,401
1682869462,12,31076,8770,1862,403
1682869762,8,31302,8769,1862,404
1682870062,14,31041,8770,1861,401
1682870362,3,31339,8767,1860,400
1682870662,5,31472,8767,1859,400
1682870962,7,31280,8766,1859,402
1682871262,11,31187,8766,1860,401
1682871562,3,31741,8768,1860,402
1682871862,3,31556,8771,1860,401
1682872162,5,31490,8777,1858,401
1682872462,3,31613,8775,1857,401
1682872762,6,31189,8774,1856,400
1682873062,7,31182,8770,1854,402
1682873362,5,31104,8770,1852,402
1682873662,3,31515,8770,1852,402
1682873962,2,31415,8767,1853,401
1682874262,6,31439,8767,1853,401
1682874562,6,31445,8763,1854,401
1682874862,8,31426,8765,1856,403
1682875162,11,31326,8765,1857,403
1682875462,10,31368,8766,1860,403
1682875762,7,31315,8764,1862,402
1682876062,5,31440,8761,1862,403
1682876362,5,31465,8762,1865,401
1682876662,6,31406,8764,1866,402
1682876962,4,31397,8763,1865,398
1682877262,3,31406,8763,1862,403
1682877562,1,31395,8762,1862,402
1682877862,0,31602,8764,1862,403
1682878162,0,31607,8761,1860,401
1682878462,0,31518,8762,1858,403
1682878762,0,31781,8763,1856,403
1682879062,0,31447,8766,1853,405
1682879362,0,31542,8767,1851,403
1682879662,0,31831,8766,1850,403
1682879962,0,31610,8768,1848,403
1682880262,0,31772,8766,1845,401
1682880562,0,31707,8767,1843,403
1682880862,0,31692,8771,1840,403
1682881162,0,31638,8769,1837,403
1682881462,0,31554,8770,1835,403
1682881762,0,31693,8775,1833,402
1682882062,0,31729,8774,1831,402
1682882362,0,31665,8775,1829,403
1682882662,0,31669,8774,1826,402
1682882962,0,31650,8779,1823,403
1682883262,0,31723,8779,1820,402
1682883562,0,31746,8782,1819,403
1682883862,0,31796,8783,1817,403
1682884162,0,31719,8786,1814,405
1682884462,0,31838,8787,1810,403
1682884762,0,31914,8788,1808,403
1682885062,0,31799,8788,1807,403
1682885362,0,31870,8792,1803,403
1682885662,0,32014,8792,1801,404
1682885962,0,31943,8795,1800,401
1682886262,0,32009,8796,1798,402
1682886562,0,32024,8797,1795,404
1682886862,0,32085,8797,1795,404
1682887162,0,32165,8799,1794,402
1682887462,0,32092,8800,1792,402
1682887762,0,32530,8800,1787,402
1682888062,0,32467,8803,1785,404
1682888362,0,32493,8802,1779,404
1682888662,0,32303,8806,1777,404
1682888962,0,32292,8805,1776,401
1682889262,0,32253,8803,1776,403
1682889562,0,31760,8806,1771,403
1682889862,0,31814,8802,1769,402
1682890162,0,31934,8803,1766,403
1682890462,0,32272,8804,1762,403
1682890762,0,32279,8806,1760,403
1682891062,0,32206,8803,1758,402
1682891362,0,31528,8800,1756,402
1682891662,0,31399,8804,1754,403
1682891962,0,31480,8803,1751,404
1682892262,0,31553,8803,1749,401
1682892562,0,31559,8804,1745,404
1682892862,0,31526,8802,1743,403
1682893162,0,31577,8803,1740,404
1682893462,0,31567,8803,1737,402
1682893762,0,31656,8804,1737,402
1682894062,0,31546,8802,1735,403
1682894362,0,31637,8801,1733,404
1682894662,0,31626,8801,1731,404
1682894962,0,31785,8801,1729,404
1682895262,0,31725,8801,1727,404
1682895562,0,31720,8799,1726,404
1682895862,0,31823,8797,1725,401
1682896162,0,31911,8799,1720,404
1682896462,0,31849,8798,1718,404
1682896762,0,31942,8794,1716,401
1682897062,0,31978,8795,1714,404
1682897362,0,31960,8795,1712,404
1682897662,0,32017,8798,1711,401
1682897962,0,32001,8795,1709,404
1682898262,0,31979,8794,1707,403
1682898562,0,31948,8794,1704,404
1682898862,0,32010,8794,1704,404
1682899162,0,32111,8793,1702,404

1682894962,0,31785,8801,1729,404
1682895262,0,31725,8801,1727,404
1682895562,0,31720,8799,1726,404
1682895862,0,31823,8797,1725,401
1682896162,0,31911,8799,1720,404
