If found, please contact tlang@live.unc.edu
Firmware updated: 2023/03/14
OpenOBS SN:305

time,ambient_light,backscatter,pressure,water_temp,battery
1697587424,11,8559,8369,1546,415
1697587724,11,8658,8372,1544,454
1697588024,13,8414,8371,1543,455
1697588324,12,8771,8363,1541,454
1697588624,12,8071,8362,1540,455
1697588924,12,8589,8368,1539,455
1697589224,12,8224,8370,1538,453
1697589524,12,8463,8364,1537,454
1697589824,12,8636,8368,1536,455
1697590124,12,8464,8365,1535,454
1697590424,12,8466,8365,1534,457
1697590724,12,8491,8363,1533,454
1697591024,11,8389,8365,1533,454
1697591324,12,8376,8365,1531,454
1697591624,11,8303,8371,1531,453
1697591924,11,8385,8365,1530,453
1697592224,12,8757,8366,1529,455
1697592524,12,8090,8366,1529,454
1697592824,11,8782,8369,1528,453
1697593124,11,7753,8361,1527,454
1697593424,11,8515,8367,1527,454
1697593724,12,8238,8368,1527,454
1697594024,11,7887,8365,1527,454
1697594324,11,7567,8369,1527,453
1697594624,12,7886,8367,1527,454
1697594924,12,7645,8367,1525,454
1697595224,11,7843,8363,1525,454
1697595524,11,7710,8362,1525,454
1697595824,12,7569,8363,1524,453
1697596124,12,7862,8365,1524,454
1697596424,11,7938,8368,1523,453
1697596724,11,7755,8367,1522,454
1697597024,12,7677,8367,1522,454
1697597324,11,8031,8367,1522,454
1697597624,11,7957,8368,1522,454
1697597924,11,7834,8362,1521,454
1697598224,11,8119,8366,1520,453
1697598524,12,7801,8366,1519,454
1697598824,11,7400,8364,1519,454
1697599124,12,7665,8359,1518,455
1697599424,11,7499,8362,1517,456
1697599724,10,7817,8366,1516,454
1697600024,11,7870,8367,1515,454
1697600324,11,7658,8369,1514,453
1697600624,12,7974,8368,1513,454
1697600924,12,7944,8363,1512,453
1697601224,11,7873,8365,1511,454
1697601524,11,7777,8364,1510,454
1697601824,13,7943,8365,1509,454
1697602124,11,8163,8367,1508,453
1697602424,11,7831,8361,1507,453
1697602724,12,7925,8367,1506,454
1697603024,10,7906,8368,1505,454
1697603324,11,8001,8364,1504,452
1697603624,11,8092,8370,1503,454
1697603924,11,8248,8364,1502,454
1697604224,10,8356,8367,1501,453
1697604524,12,7774,8362,1500,456
1697604824,11,7849,8370,1499,453
1697605124,11,7703,8372,1498,453
1697605424,11,7708,8371,1497,454
1697605724,12,7737,8368,1496,450
1697606024,11,7769,8370,1495,450
1697606324,12,8086,8374,1495,454
1697606624,11,8021,8370,1494,453
1697606924,11,7994,8370,1494,451
1697607224,10,8188,8374,1493,453
1697607524,12,8046,8370,1492,450
1697607824,12,8097,8373,1492,452
1697608124,13,8522,8372,1491,451
1697608424,18,7953,8370,1490,450
1697608724,30,8155,8370,1489,450
1697609024,47,8312,8373,1489,453
1697609324,77,8332,8375,1487,451
1697609624,117,8461,8374,1486,449
1697609924,184,8078,8377,1486,449
1697610224,187,8583,8372,1486,448
1697610524,269,8000,8377,1486,448
1697610824,361,8099,8375,1486,447
1697611124,354,8311,8380,1486,450
1697611424,409,8651,8374,1486,450
1697611724,399,8644,8376,1487,452
1697612024,437,8607,8379,1489,448
1697612324,464,8760,8377,1490,450
1697612624,549,8890,8376,1492,450
1697612924,527,9106,8379,1494,452
1697613224,475,9211,8382,1497,450
1697613524,508,9323,8386,1499,450
1697613824,568,9110,8382,1503,453
1697614124,657,8989,8383,1506,452
1697614424,528,9321,8378,1510,452
1697614724,646,9135,8383,1515,452
1697615024,721,9125,8383,1520,452
1697615324,685,9255,8390,1525,453
1697615624,1292,9322,8384,1532,456
1697615924,1647,9388,8384,1538,454
1697616224,2048,9172,8386,1545,456
1697616524,2431,9319,8379,1553,455
1697616824,2295,9428,8382,1561,455
1697617124,2392,9397,8387,1569,454
1697617424,2488,9542,8387,1578,455
1697617724,2540,9518,8383,1587,454
1697618024,2161,9731,8385,1596,455
1697618324,2574,9419,8387,1604,407
1697618624,2625,9740,8386,1616,406
1697618924,2949,9741,8385,1626,407
1697619224,2745,9879,8390,1635,406
1697619524,3514,8326,8385,1645,409
1697619824,3861,7965,8390,1654,407
1697620124,3890,7977,8385,1665,408
1697620424,3627,8334,8387,1675,408
1697620724,3738,8486,8381,1685,408
1697621024,3965,8392,8389,1695,407
1697621324,4185,8227,8387,1706,407
1697621624,4655,8180,8390,1716,407
1697621924,4213,8298,8384,1726,410
1697622224,4707,8406,8383,1737,409
1697622524,5240,8411,8384,1746,407
1697622824,5179,8657,8387,1757,409
1697623124,4887,8632,8387,1767,408
1697623424,5372,8544,8388,1777,409
1697623724,5280,8722,8384,1786,409
1697624024,4344,8892,8387,1795,408
1697624324,3720,8696,8388,1804,409
1697624624,6518,8563,8382,1816,408
1697624924,2451,8276,8384,1826,408
1697625224,6583,8592,8384,1829,409
1697625524,7332,8537,8382,1840,409
1697625824,2524,8789,8386,1851,411
1697626124,7486,8288,8384,1858,408
1697626424,8223,7981,8380,1874,408
1697626724,7717,8804,8385,1887,409
1697627024,7709,8676,8384,1896,409
1697627324,8832,8302,8382,1908,411
1697627624,9770,8387,8375,1917,411
1697627924,8937,8417,8382,1925,409
1697628224,12327,8218,8382,1935,410
1697628524,10983,8283,8374,1944,410
1697628824,9179,8611,8381,1954,409
1697629124,8553,8660,8378,1962,410
1697629424,9857,8864,8383,1970,410
1697629724,7868,9417,8381,1979,409
1697630024,8797,9194,8381,1989,409
1697630324,6386,9302,8382,1992,410
1697630624,12678,9223,8377,1992,409
1697630924,10678,9463,8369,1995,410
1697631224,11089,9470,8377,1999,410
1697631524,11680,9330,8377,2003,409
1697631824,11669,9574,8378,2009,409
1697632124,13258,10230,8383,2015,409
1697632424,10736,10161,8384,2018,409
1697632724,13444,9832,8374,2020,410
1697633024,11364,10228,8380,2023,410
1697633324,19689,10389,8380,2026,409
1697633624,26123,10137,8379,2029,409
1697633924,17089,10540,8378,2032,409
1697634224,18798,10625,8380,2036,410
1697634524,34870,10892,8379,2039,410
1697634824,29102,10780,8378,2041,411
1697635124,13501,11153,8382,2041,410
1697635424,22459,11416,8383,2040,410
1697635724,29156,11049,8379,2041,410
1697636024,41129,11424,8383,2040,410
1697636324,42292,11633,8384,2041,410
1697636624,32742,12197,8380,2039,410
1697636924,28856,11503,8383,2039,410
1697637224,29374,11625,8381,2037,391
1697637524,39384,11565,8386,2036,390
1697637824,29719,11983,8385,2033,390
1697638124,21861,11256,8385,2028,390
1697638424,47652,11390,8382,2024,389
1697638724,42880,10928,8379,2021,390
1697639024,32803,10938,8380,2020,391
1697639324,2517,11452,8391,2019,392
1697639624,30271,11251,8384,2008,391
1697639924,15562,11350,8386,2002,391
1697640224,24913,11654,8385,1994,391
1697640524,26812,11446,8378,1985,393
1697640824,31938,11570,8384,1982,392
1697641124,1531,12020,8386,1970,392
1697641424,32741,11508,8382,1957,391
1697641724,22352,12126,8384,1951,392
1697642024,23778,11993,8379,1943,392
1697642324,13837,12095,8382,1935,391
1697642624,13986,11933,8381,1928,391
1697642924,18089,12186,8382,1924,391
1697643224,15498,12012,8383,1919,392
1697643524,13483,12185,8378,1912,391
1697643824,5069,12031,8384,1907,391
1697644124,7246,12317,8378,1899,390
1697644424,8051,12417,8380,1892,390
1697644724,7580,12288,8382,1885,391
1697645024,6183,12409,8381,1879,390
1697645324,3017,12123,8379,1871,391
1697645624,1366,12230,8384,1864,391
1697645924,1215,12208,8383,1857,392
1697646224,3011,11968,8381,1851,391
1697646524,2408,12056,8382,1844,391
1697646824,2223,11868,8384,1837,392
1697647124,972,11961,8386,1831,390
1697647424,597,11672,8388,1825,392
1697647724,359,11805,8387,1819,392
1697648024,277,11955,8388,1812,392
1697648324,413,11651,8388,1804,391
1697648624,398,11753,8387,1799,392
1697648924,231,12148,8390,1794,391
1697649224,195,11773,8390,1789,392
1697649524,158,11680,8392,1784,392
1697649824,143,11495,8388,1779,391
1697650124,79,11470,8391,1774,392
1697650424,60,10707,8385,1768,392
1697650724,34,10978,8388,1762,391
1697651024,22,11354,8387,1756,391
1697651324,16,11111,8390,1750,392
1697651624,14,11449,8389,1743,392
1697651924,13,11431,8388,1737,391
1697652224,13,11179,8384,1733,392
1697652524,13,11190,8388,1727,392
1697652824,13,9933,8392,1720,392
1697653124,13,9998,8394,1716,391
1697653424,13,9554,8386,1711,391
1697653724,12,9474,8389,1706,391
1697654024,14,9524,8396,1700,391
1697654324,12,9892,8389,1695,391
1697654624,13,9104,8391,1691,392
1697654924,13,9642,8392,1686,392
1697655224,12,9603,8391,1682,391
1697655524,13,9632,8399,1677,392
1697655824,13,9650,8394,1673,391
1697656124,13,9180,8393,1669,391
1697656424,12,9401,8394,1664,391
1697656724,13,9292,8394,1660,391
1697657024,13,9362,8399,1657,391
1697657324,12,9155,8390,1653,391
1697657624,11,9202,8395,1649,391
1697657924,12,9231,8395,1645,391
1697658224,13,9301,8388,1643,391
1697658524,13,7499,8397,1639,391
1697658824,12,7671,8397,1636,392
1697659124,12,7564,8394,1633,392
1697659424,12,7888,8395,1629,392
1697659724,12,7639,8399,1627,393
1697660024,12,8036,8397,1624,393
1697660324,12,7737,8395,1621,391
1697660624,12,7879,8395,1619,390
1697660924,11,7697,8398,1617,392
1697661224,12,8167,8396,1612,392
1697661524,11,8142,8396,1611,392
1697661824,12,8457,8400,1608,390
1697662124,12,7966,8395,1606,390
1697662424,11,8203,8402,1604,392
1697662724,12,8065,8401,1602,390
1697663024,11,8105,8397,1600,393
1697663324,13,8088,8396,1598,392
1697663624,12,8711,8395,1595,393
1697663924,12,8248,8401,1593,390
1697664224,12,7686,8402,1591,391
1697664524,12,8030,8400,1589,393
1697664824,12,8037,8399,1587,392
1697665124,13,8721,8404,1585,391
1697665424,13,8411,8393,1583,393
1697665724,11,8313,8400,1581,393
1697666024,12,8388,8401,1579,391
1697666324,11,8395,8398,1577,391
1697666624,12,8207,8398,1575,392
1697666924,12,8357,8398,1574,392
1697667224,11,8307,8396,1572,392
1697667524,13,7770,8402,1571,391
1697667824,12,7978,8398,1569,390
1697668124,12,8602,8390,1566,391
1697668424,12,8406,8400,1564,392
1697668724,11,8726,8400,1563,390
1697669024,11,8802,8400,1561,392
1697669324,11,7957,8399,1560,390
1697669624,12,8500,8400,1558,391
1697669924,12,7973,8396,1557,390
1697670224,12,8700,8396,1555,392
1697670524,11,8319,8399,1554,391
1697670824,11,8579,8399,1553,391
1697671124,11,8348,8397,1551,390
1697671424,11,8740,8398,1550,391
1697671724,12,8157,8395,1548,390
1697672024,11,8479,8400,1547,391
1697672324,11,8686,8396,1546,391
1697672624,11,9032,8402,1544,391
1697672924,12,8570,8395,1543,391
1697673224,11,8197,8393,1541,392
1697673524,12,8548,8396,1541,392
