If found, please contact tlang@live.unc.edu
Firmware updated: 2023/03/14
OpenOBS SN:305

time,ambient_light,backscatter,pressure,water_temp,battery
1696032224,11,14843,8392,1769,403
1696032524,11,15028,8401,1767,391
1696032824,12,14998,8400,1766,393
1696033124,11,15022,8397,1766,391
1696033424,11,15128,8401,1765,391
1696033724,11,15105,8400,1765,391
1696034024,12,15072,8393,1765,390
1696034324,11,15241,8403,1764,392
1696034624,11,14798,8401,1764,391
1696034924,10,15117,8394,1762,391
1696035224,10,15153,8397,1762,390
1696035524,11,15196,8402,1762,391
1696035824,10,15060,8395,1762,392
1696036124,11,15017,8392,1762,390
1696036424,11,15172,8397,1762,390
1696036724,12,15230,8401,1762,391
1696037024,11,15144,8384,1761,391
1696037324,11,15375,8390,1760,392
1696037624,10,15193,8394,1759,391
1696037924,11,15334,8397,1759,392
1696038224,12,15274,8389,1757,391
1696038524,12,15236,8387,1756,392
1696038824,12,15271,8387,1754,390
1696039124,11,15236,8387,1754,391
1696039424,12,15422,8385,1753,392
1696039724,10,15075,8393,1751,391
1696040024,11,15290,8389,1750,391
1696040324,11,15310,8385,1749,391
1696040624,11,15033,8385,1748,391
1696040924,11,15063,8387,1745,391
1696041224,12,15199,8390,1745,391
1696041524,12,15167,8385,1744,391
1696041824,12,15232,8384,1743,392
1696042124,11,15217,8388,1741,391
1696042424,11,15159,8378,1740,391
1696042724,13,15203,8383,1739,391
1696043024,11,14972,8390,1737,391
1696043324,12,15260,8378,1737,392
1696043624,11,15210,8391,1736,391
1696043924,11,15204,8387,1734,392
1696044224,11,15265,8379,1734,392
1696044524,11,15092,8381,1732,392
1696044824,11,15133,8377,1732,391
1696045124,11,15124,8385,1731,392
1696045424,11,15198,8386,1729,392
1696045724,11,14946,8386,1729,391
1696046024,11,15174,8386,1727,392
1696046324,10,15204,8381,1727,392
1696046624,11,15161,8385,1727,392
1696046924,10,15201,8380,1726,391
1696047224,10,15260,8386,1726,392
1696047524,12,15281,8391,1726,391
1696047824,10,15321,8387,1725,391
1696048124,11,15057,8390,1725,392
1696048424,11,15103,8386,1724,391
1696048724,12,15221,8383,1724,392
1696049024,10,15256,8382,1724,391
1696049324,10,15300,8384,1723,392
1696049624,12,15266,8380,1723,391
1696049924,11,15435,8386,1721,392
1696050224,11,15247,8384,1721,392
1696050524,11,15419,8394,1720,391
1696050824,11,15357,8389,1720,392
1696051124,12,15352,8388,1720,392
1696051424,10,15281,8385,1720,391
1696051724,11,15510,8387,1719,391
1696052024,11,15232,8393,1718,391
1696052324,12,15372,8388,1717,392
1696052624,17,15292,8392,1717,392
1696052924,30,15165,8387,1716,391
1696053224,53,15371,8389,1716,392
1696053524,92,15346,8383,1715,392
1696053824,148,15431,8386,1714,391
1696054124,266,15341,8387,1712,392
1696054424,424,15411,8390,1712,392
1696054724,571,15408,8393,1712,394
1696055024,774,15425,8385,1712,392
1696055324,883,15281,8382,1712,393
1696055624,1082,15614,8390,1714,392
1696055924,1314,15489,8388,1715,392
1696056224,1624,15544,8386,1716,393
1696056524,1836,15644,8397,1717,392
1696056824,2063,15640,8387,1719,391
1696057124,2465,15442,8388,1720,392
1696057424,2604,15353,8386,1723,393
1696057724,2611,15372,8389,1725,392
1696058024,2778,15431,8382,1729,393
1696058324,3329,15462,8391,1733,393
1696058624,3640,15615,8390,1736,392
1696058924,3779,15705,8396,1740,393
1696059224,4176,15555,8396,1744,394
1696059524,4407,15488,8389,1748,393
1696059824,5286,15538,8391,1753,394
1696060124,5457,15407,8390,1758,392
1696060424,5172,15430,8391,1762,393
1696060724,5669,15480,8386,1769,393
1696061024,5929,15361,8392,1776,391
1696061324,6756,15406,8390,1781,391
1696061624,6959,15456,8386,1787,394
1696061924,6893,15373,8392,1795,392
1696062224,7007,15184,8391,1801,391
1696062524,7186,15559,8394,1806,392
1696062824,6879,15314,8395,1812,391
1696063124,7665,15373,8396,1818,395
1696063424,8255,15256,8389,1823,392
1696063724,8170,15360,8387,1829,395
1696064024,8973,15193,8393,1835,392
1696064324,9401,15158,8391,1840,393
1696064624,9303,15163,8387,1846,394
1696064924,9357,15228,8387,1852,393
1696065224,10270,15022,8384,1858,394
1696065524,10831,15034,8384,1864,393
1696065824,11392,15077,8385,1871,394
1696066124,11727,14904,8383,1879,394
1696066424,11628,14885,8386,1887,393
1696066724,11693,14937,8377,1894,393
1696067024,15198,14716,8372,1902,393
1696067324,12483,14912,8381,1912,392
1696067624,13855,14894,8378,1920,392
1696067924,16552,14728,8385,1929,394
1696068224,16101,14587,8365,1937,392
1696068524,11938,14595,8386,1950,395
1696068824,14347,14700,8371,1957,392
1696069124,14868,14611,8374,1964,394
1696069424,15193,14839,8362,1970,394
1696069724,16511,14820,8371,1978,393
1696070024,18620,14939,8364,1986,393
1696070324,20040,14914,8362,1998,394
1696070624,24048,15297,8364,2011,393
1696070924,14597,15242,8366,2025,392
1696071224,17534,15354,8374,2034,394
1696071524,19401,15201,8373,2042,394
1696071824,22607,15363,8375,2053,394
1696072124,16345,15416,8378,2058,392
1696072424,14942,15446,8385,2062,393
1696072724,12345,15442,8384,2063,394
1696073024,11897,15643,8388,2063,394
1696073324,10652,15197,8387,2062,394
1696073624,12797,15218,8384,2060,393
1696073924,14870,15394,8376,2059,393
1696074224,18103,15604,8377,2060,393
1696074524,23470,15244,8370,2067,393
1696074824,17967,15593,8369,2075,393
1696075124,31219,15263,8358,2083,394
1696075424,34885,15433,8351,2095,394
1696075724,12291,15702,8367,2102,394
1696076024,23584,16398,8362,2105,393
1696076324,23491,16222,8365,2112,394
1696076624,16884,16540,8356,2116,394
1696076924,14927,16232,8370,2115,393
1696077224,15591,15907,8369,2114,394
1696077524,29681,15780,8354,2113,394
1696077824,14679,16071,8362,2116,394
1696078124,25816,15765,8358,2118,394
1696078424,19431,16116,8356,2123,394
1696078724,13212,16035,8366,2124,394
1696079024,32535,15834,8345,2123,395
1696079324,24300,16204,8350,2129,394
1696079624,15576,16212,8357,2130,395
1696079924,10066,16312,8362,2129,395
1696080224,7498,16691,8368,2123,395
1696080524,7660,15954,8371,2113,394
1696080824,8058,15865,8372,2104,394
1696081124,8638,16226,8369,2096,394
1696081424,9471,15880,8355,2086,394
1696081724,9711,15756,8361,2081,394
1696082024,6823,15880,8361,2076,395
1696082324,5503,15779,8363,2071,393
1696082624,4716,15854,8364,2063,393
1696082924,3616,16273,8365,2055,395
1696083224,3029,15855,8368,2045,395
1696083524,2404,16046,8361,2037,395
1696083824,2035,16014,8367,2027,395
1696084124,2043,16056,8366,2016,394
1696084424,2174,16036,8367,2008,395
1696084724,2439,15855,8357,2000,395
1696085024,2369,16145,8368,1995,395
1696085324,2246,15959,8368,1987,395
1696085624,2054,15880,8368,1979,395
1696085924,1702,16007,8367,1973,394
1696086224,1459,15933,8369,1967,395
1696086524,1558,15846,8365,1960,395
1696086824,1538,16365,8367,1954,394
1696087124,1613,15914,8369,1948,395
1696087424,1575,15930,8366,1942,394
1696087724,1475,15587,8371,1937,394
1696088024,1003,15705,8371,1932,393
1696088324,614,15492,8368,1927,394
1696088624,741,15644,8367,1921,394
1696088924,860,16025,8364,1917,393
1696089224,1057,15857,8365,1911,394
1696089524,1025,15636,8368,1907,394
1696089824,1011,15775,8372,1903,394
1696090124,765,15766,8367,1899,394
1696090424,806,15254,8375,1895,395
1696090724,746,15173,8370,1892,394
1696091024,632,15384,8373,1889,395
1696091324,615,15189,8373,1886,394
1696091624,547,15285,8374,1883,394
1696091924,477,14990,8376,1879,394
1696092224,464,15241,8369,1877,395
1696092524,464,14844,8370,1874,394
1696092824,544,14874,8370,1871,395
1696093124,498,15060,8370,1870,391
1696093424,501,15006,8379,1868,394
1696093724,392,15162,8373,1865,394
1696094024,354,14926,8370,1862,396
1696094324,288,14958,8371,1862,395
1696094624,210,15188,8375,1860,394
1696094924,159,15067,8376,1857,394
1696095224,128,15031,8375,1854,394
1696095524,92,15152,8381,1853,394
1696095824,60,15053,8379,1851,395
1696096124,41,15216,8379,1849,394
1696096424,27,15275,8372,1845,393
1696096724,18,15067,8366,1844,395
1696097024,14,15359,8377,1842,395
1696097324,13,15329,8380,1840,395
1696097624,13,15299,8376,1839,395
1696097924,11,15429,8378,1837,395
1696098224,12,15334,8376,1836,395
1696098524,13,15562,8380,1834,395
1696098824,12,15333,8385,1833,395
1696099124,12,15400,8384,1831,395
1696099424,12,15519,8378,1829,395
1696099724,11,15467,8378,1828,395
1696100024,12,15549,8379,1826,395
1696100324,12,15367,8377,1825,395
1696100624,11,15351,8375,1824,395
1696100924,11,15442,8381,1821,395
1696101224,12,15528,8383,1820,395
1696101524,11,15473,8367,1820,394
1696101824,11,15355,8379,1819,395
1696102124,11,15574,8377,1817,395
1696102424,12,15357,8384,1815,396
1696102724,10,15514,8372,1814,394
1696103024,12,15540,8380,1812,394
1696103324,12,15762,8380,1811,394
1696103624,12,15215,8381,1809,395
1696103924,11,15213,8377,1807,394
1696104224,11,15246,8379,1806,394
1696104524,11,15352,8382,1804,396
1696104824,12,15100,8377,1803,394
1696105124,12,15199,8386,1802,394
1696105424,11,15298,8377,1801,394
1696105724,12,15085,8384,1800,394
1696106024,11,15037,8385,1799,395
1696106324,11,14994,8384,1796,395
1696106624,11,14969,8391,1796,395
1696106924,12,15062,8387,1795,396
1696107224,12,15074,8393,1794,396
1696107524,11,15181,8398,1793,395
1696107824,11,15076,8395,1793,396
1696108124,12,15180,8393,1791,395
1696108424,11,15069,8389,1791,395
1696108724,11,15127,8390,1790,395
1696109024,11,15048,8385,1789,396
1696109324,12,15227,8392,1787,395
1696109624,12,15076,8390,1787,394
1696109924,12,15268,8394,1786,396
1696110224,11,15096,8376,1784,394
1696110524,11,15034,8386,1783,395
1696110824,13,15099,8392,1782,396
1696111124,11,14951,8393,1779,396
1696111424,12,15093,8385,1779,396
1696111724,12,15088,8392,1779,395
1696112024,12,15106,8394,1779,396
1696112324,10,15146,8391,1778,396
1696112624,11,15112,8394,1778,396
1696112924,11,15187,8391,1778,396
1696113224,11,15337,8388,1778,396
1696113524,12,15070,8383,1778,396
1696113824,12,15064,8389,1778,395
1696114124,11,15153,8394,1778,396
1696114424,11,15045,8390,1778,396
1696114724,12,14995,8396,1778,396
1696115024,12,15130,8390,1778,396
1696115324,11,14925,8392,1778,394
1696115624,12,15057,8390,1778,396
1696115924,11,15074,8388,1778,397
1696116224,12,13837,8387,1778,394
1696116524,12,13332,8382,1779,397
1696116824,11,13552,8387,1778,397
1696117124,11,13813,8388,1778,397
1696117424,11,13462,8384,1779,395
1696117724,11,13370,8386,1779,397
1696118024,11,13505,8385,1779,395
1696118324,11,13538,8390,1779,395
