If found, please contact tlang@live.unc.edu
Firmware updated: 2023/03/14
OpenOBS SN:305

time,ambient_light,backscatter,pressure,water_temp,battery
1693353824,8,3391,8507,1700,410
1693354124,8,3402,8501,1699,400
1693354424,9,3400,8505,1699,400
1693354724,8,3400,8501,1698,401
1693355024,8,3409,8499,1696,400
1693355324,9,3405,8506,1698,400
1693355624,8,3392,8504,1696,400
1693355924,9,3405,8498,1698,400
1693356224,8,3411,8496,1698,401
1693356524,7,3403,8498,1698,399
1693356824,8,3410,8491,1699,399
1693357124,8,3399,8502,1700,400
1693357424,8,3404,8497,1700,400
1693357724,7,3403,8494,1700,399
1693358024,8,3398,8494,1701,399
1693358324,8,3403,8492,1701,401
1693358624,7,3398,8493,1702,400
1693358924,8,3393,8498,1703,400
1693359224,7,3419,8490,1703,400
1693359524,8,3418,8494,1704,401
1693359824,7,3427,8487,1704,400
1693360124,8,3398,8496,1704,400
1693360424,8,3402,8496,1704,401
1693360724,8,3411,8482,1704,400
1693361024,8,3412,8495,1706,400
1693361324,8,3413,8488,1706,400
1693361624,8,3427,8480,1706,400
1693361924,8,3417,8490,1706,400
1693362224,8,3419,8492,1706,401
1693362524,8,3446,8480,1707,401
1693362824,8,3418,8489,1707,401
1693363124,9,3415,8484,1706,400
1693363424,8,3414,8490,1704,401
1693363724,8,3407,8485,1704,401
1693364024,8,3420,8489,1703,400
1693364324,7,3423,8484,1701,401
1693364624,8,3428,8481,1700,401
1693364924,7,3419,8484,1699,401
1693365224,7,3420,8490,1698,401
1693365524,8,3420,8484,1696,400
1693365824,8,3421,8485,1695,400
1693366124,7,3424,8491,1695,400
1693366424,8,3431,8486,1695,400
1693366724,8,3434,8485,1695,400
1693367024,8,3438,8480,1695,400
1693367324,7,3428,8490,1695,400
1693367624,7,3434,8488,1695,400
1693367924,6,3429,8485,1694,400
1693368224,8,3433,8485,1694,400
1693368524,8,3432,8485,1694,400
1693368824,7,3430,8490,1694,400
1693369124,8,3430,8487,1694,400
1693369424,8,3430,8486,1694,402
1693369724,7,3420,8485,1694,400
1693370024,7,3439,8484,1695,403
1693370324,8,3448,8486,1695,401
1693370624,7,3434,8489,1695,400
1693370924,8,3414,8486,1695,402
1693371224,8,3416,8488,1695,401
1693371524,8,3416,8481,1695,400
1693371824,8,3410,8488,1696,400
1693372124,8,3417,8484,1696,400
1693372424,8,3421,8490,1696,402
1693372724,10,3427,8491,1696,402
1693373024,14,3413,8488,1698,402
1693373324,29,3425,8492,1698,401
1693373624,73,3420,8490,1698,402
1693373924,136,3422,8491,1698,402
1693374224,267,3422,8491,1698,402
1693374524,429,3418,8496,1699,402
1693374824,652,3426,8493,1699,402
1693375124,992,3426,8494,1699,403
1693375424,1377,3430,8495,1700,401
1693375724,1896,3429,8494,1700,402
1693376024,2420,3438,8488,1701,402
1693376324,2881,3428,8494,1701,402
1693376624,3202,3446,8493,1702,402
1693376924,3717,3436,8497,1703,402
1693377224,3902,3421,8491,1704,402
1693377524,4331,3444,8491,1704,402
1693377824,4237,3434,8495,1706,400
1693378124,4731,3434,8493,1707,402
1693378424,5276,3435,8493,1709,401
1693378724,5793,3443,8492,1710,402
1693379024,6738,3432,8492,1711,402
1693379324,7123,3434,8493,1712,402
1693379624,8068,3434,8498,1715,403
1693379924,8356,3441,8497,1718,402
1693380224,7901,3428,8493,1720,402
1693380524,7758,3447,8494,1723,402
1693380824,9030,3441,8492,1725,402
1693381124,9769,3446,8492,1729,403
1693381424,8818,3444,8497,1733,402
1693381724,10347,3444,8495,1737,402
1693382024,12256,3446,8494,1745,402
1693382324,16588,3436,8492,1750,403
1693382624,20547,3446,8485,1754,401
1693382924,21213,3441,8485,1761,402
1693383224,23053,3446,8478,1765,402
1693383524,25089,3446,8481,1766,402
1693383824,26842,3446,8476,1770,401
1693384124,26019,3444,8478,1778,402
1693384424,30337,3464,8470,1786,402
1693384724,34010,3476,8466,1792,403
1693385024,16631,3471,8486,1800,401
1693385324,22245,3485,8484,1802,404
1693385624,29237,3484,8473,1804,401
1693385924,35053,3494,8466,1812,402
1693386224,47253,3488,8451,1821,401
1693386524,28911,3491,8471,1834,402
1693386824,38813,3500,8465,1837,402
1693387124,55227,3506,8447,1840,402
1693387424,27632,3493,8484,1843,403
1693387724,31014,3494,8476,1845,402
1693388024,35106,3517,8477,1844,403
1693388324,30044,3502,8480,1846,403
1693388624,32730,3536,8476,1848,402
1693388924,59323,3540,8458,1852,403
1693389224,64272,3538,8436,1857,403
1693389524,32376,3533,8477,1867,403
1693389824,36524,3525,8478,1873,403
1693390124,65535,3514,8438,1879,402
1693390424,65535,3507,8438,1895,402
1693390724,60220,3499,8436,1917,403
1693391024,32237,3510,8476,1921,402
1693391324,65535,3512,8435,1912,405
1693391624,39016,3504,8471,1924,402
1693391924,23479,3494,8477,1921,403
1693392224,21946,3506,8485,1910,403
1693392524,21999,3521,8484,1896,403
1693392824,25825,3503,8480,1890,403
1693393124,22197,3512,8485,1890,403
1693393424,28264,3521,8481,1898,403
1693393724,29241,3516,8480,1906,403
1693394024,44680,3518,8463,1915,404
1693394324,47470,3517,8456,1929,403
1693394624,58699,3507,8449,1948,403
1693394924,30683,3505,8475,1954,403
1693395224,32138,3518,8483,1950,403
1693395524,33261,3508,8475,1945,403
1693395824,35191,3522,8471,1942,403
1693396124,41201,3517,8470,1937,403
1693396424,34561,3512,8479,1932,403
1693396724,31225,3519,8478,1926,402
1693397024,25992,3518,8470,1920,403
1693397324,29379,3528,8476,1916,403
1693397624,65535,3519,8418,1908,404
1693397924,65535,3526,8418,1926,403
1693398224,65535,3503,8412,1945,403
1693398524,39447,3514,8472,1958,404
1693398824,32383,3511,8476,1954,404
1693399124,33172,3521,8475,1951,403
1693399424,29141,3535,8473,1957,404
1693399724,36028,3526,8472,1960,404
1693400024,32743,3539,8468,1957,403
1693400324,51699,3538,8458,1959,404
1693400624,37223,3535,8464,1970,403
1693400924,65535,3533,8399,1965,403
1693401224,48159,3529,8452,1978,404
1693401524,65535,3516,8412,1990,403
1693401824,65535,3522,8428,2009,403
1693402124,65535,3535,8415,2020,403
1693402424,65535,3538,8410,2035,403
1693402724,65535,3523,8407,2046,403
1693403024,65535,3527,8415,2056,403
1693403324,65535,3534,8432,2071,404
1693403624,65535,3520,8417,2073,404
1693403924,65535,3531,8416,2073,404
1693404224,65535,3533,8422,2075,404
1693404524,65535,3526,8409,2075,404
1693404824,65535,3515,8416,2076,403
1693405124,65367,3538,8447,2081,403
1693405424,46752,3537,8449,2075,404
1693405724,65535,3520,8420,2068,404
1693406024,38312,3537,8456,2075,404
1693406324,65535,3528,8408,2070,404
1693406624,65535,3539,8419,2068,404
1693406924,65535,3532,8427,2069,404
1693407224,65535,3538,8421,2062,403
1693407524,65535,3545,8420,2064,404
1693407824,65535,3547,8420,2060,404
1693408124,65535,3537,8425,2060,404
1693408424,65535,3538,8431,2065,404
1693408724,65535,3545,8428,2058,404
1693409024,27390,3545,8461,2059,404
1693409324,24024,3552,8460,2049,404
1693409624,23979,3539,8462,2037,404
1693409924,65535,3546,8432,2021,405
1693410224,25252,3549,8454,2020,404
1693410524,29168,3556,8458,2009,403
1693410824,19070,3551,8460,1994,404
1693411124,26902,3561,8463,1979,405
1693411424,43603,3563,8452,1971,404
1693411724,39776,3561,8451,1966,404
1693412024,63753,3563,8441,1959,406
1693412324,25058,3565,8463,1957,403
1693412624,41733,3577,8452,1949,406
1693412924,25496,3568,8457,1943,406
1693413224,51865,3572,8445,1936,404
1693413524,39362,3582,8450,1937,404
1693413824,17243,3569,8464,1940,406
1693414124,16742,3584,8458,1934,403
1693414424,38114,3587,8454,1926,403
1693414724,17216,3581,8466,1923,403
1693415024,18679,3586,8461,1920,403
1693415324,11371,3573,8474,1916,405
1693415624,17459,3579,8465,1909,405
1693415924,11332,3589,8470,1902,405
1693416224,10302,3581,8467,1895,403
1693416524,5523,3578,8473,1891,404
1693416824,4077,3576,8473,1884,405
1693417124,4804,3577,8475,1877,405
1693417424,4302,3586,8475,1870,405
1693417724,3753,3589,8473,1862,404
1693418024,3199,3592,8476,1854,405
1693418324,2749,3589,8469,1849,404
1693418624,1785,3587,8475,1845,403
1693418924,1743,3604,8476,1839,403
1693419224,1283,3611,8471,1835,403
1693419524,655,3598,8473,1832,403
1693419824,342,3594,8470,1828,405
1693420124,179,3597,8473,1826,403
1693420424,88,3601,8478,1823,406
1693420724,38,3610,8474,1820,403
1693421024,17,3595,8473,1818,403
1693421324,11,3608,8472,1816,403
1693421624,9,3604,8475,1812,404
1693421924,9,3598,8483,1811,403
1693422224,8,3618,8477,1807,404
1693422524,9,3614,8474,1804,403
1693422824,9,3599,8476,1802,403
1693423124,8,3606,8475,1801,404
1693423424,8,3622,8485,1799,403
1693423724,8,3617,8480,1798,403
1693424024,8,3604,8481,1796,404
1693424324,9,3633,8481,1795,403
1693424624,8,3613,8484,1794,406
1693424924,8,3613,8483,1793,404
1693425224,9,3627,8484,1791,406
1693425524,8,3619,8488,1790,404
1693425824,9,3611,8481,1787,404
1693426124,8,3617,8478,1786,404
1693426424,8,3625,8484,1785,405
1693426724,9,3632,8479,1784,405
1693427024,9,3618,8488,1782,404
1693427324,9,3623,8486,1781,406
1693427624,8,3624,8488,1779,404
1693427924,10,3634,8495,1779,404
1693428224,8,3619,8485,1777,403
1693428524,9,3633,8486,1776,403
1693428824,9,3636,8490,1775,404
1693429124,9,3626,8492,1773,405
1693429424,10,3631,8493,1770,404
1693429724,9,3637,8492,1770,404
1693430024,9,3635,8485,1769,404
1693430324,8,3638,8499,1768,403
1693430624,8,3637,8490,1767,405
1693430924,8,3647,8492,1767,405
1693431224,8,3639,8484,1767,405
1693431524,9,3641,8491,1766,405
1693431824,8,3635,8495,1765,405
1693432124,9,3649,8492,1765,403
1693432424,9,3635,8493,1765,405
1693432724,9,3640,8489,1762,403
1693433024,9,3648,8484,1762,405
1693433324,8,3657,8494,1762,404
1693433624,8,3647,8492,1761,405
1693433924,8,3646,8485,1760,406
1693434224,8,3640,8491,1760,404
1693434524,8,3648,8493,1759,405
1693434824,7,3654,8495,1759,405
1693435124,7,3647,8492,1758,405
1693435424,7,3642,8489,1758,404
1693435724,8,3650,8495,1758,406
1693436024,8,3650,8486,1758,405
1693436324,8,3657,8489,1757,406
1693436624,8,3651,8489,1757,405
1693436924,9,3657,8492,1757,404
1693437224,9,3657,8489,1756,405
1693437524,8,3464,8492,1754,404
1693437824,8,3477,8491,1754,404
1693438124,8,3479,8496,1753,405
1693438424,9,3474,8494,1752,405
1693438724,9,3477,8489,1751,404
1693439024,8,3471,8492,1751,404
1693439324,8,3469,8488,1750,404
1693439624,9,3475,8492,1750,404
1693439924,8,3478,8486,1749,405
