If found, please contact tlang@live.unc.edu
Firmware updated: 2023/03/14
OpenOBS SN:305

time,ambient_light,backscatter,pressure,water_temp,battery
1694477024,9,51627,8398,1779,408
1694477324,10,51654,8398,1779,400
1694477624,9,51688,8399,1779,401
1694477924,9,51697,8397,1779,398
1694478224,10,51720,8395,1779,400
1694478524,9,51688,8396,1779,399
1694478824,10,51670,8397,1779,400
1694479124,10,51692,8399,1781,400
1694479424,10,51704,8404,1781,399
1694479724,10,51699,8394,1782,399
1694480024,9,51725,8396,1783,399
1694480324,10,51738,8397,1784,401
1694480624,9,51726,8398,1784,400
1694480924,10,51742,8395,1785,399
1694481224,9,51766,8393,1785,400
1694481524,9,51743,8396,1785,399
1694481824,10,51795,8397,1786,401
1694482124,10,51793,8396,1786,398
1694482424,9,51786,8392,1787,399
1694482724,10,51777,8396,1787,399
1694483024,10,51793,8396,1787,400
1694483324,9,51776,8392,1787,401
1694483624,9,51785,8396,1787,399
1694483924,9,51810,8392,1787,399
1694484224,10,51786,8394,1789,399
1694484524,9,51843,8391,1789,399
1694484824,10,51826,8393,1789,400
1694485124,9,51861,8395,1790,401
1694485424,9,51838,8393,1790,399
1694485724,9,51869,8390,1790,399
1694486024,9,51890,8392,1790,399
1694486324,9,51861,8385,1791,400
1694486624,10,51878,8389,1791,401
1694486924,9,51884,8390,1791,399
1694487224,9,51867,8387,1791,401
1694487524,9,51847,8387,1791,399
1694487824,10,51900,8384,1791,400
1694488124,9,51855,8385,1791,401
1694488424,9,51966,8386,1791,400
1694488724,10,51952,8385,1791,401
1694489024,10,51915,8388,1790,400
1694489324,9,51908,8390,1790,401
1694489624,9,51893,8388,1789,400
1694489924,9,51925,8383,1789,400
1694490224,9,51994,8386,1787,401
1694490524,9,51931,8387,1787,400
1694490824,8,51909,8386,1786,401
1694491124,9,51965,8385,1786,401
1694491424,9,52020,8382,1785,401
1694491724,10,51967,8383,1785,401
1694492024,9,51999,8386,1785,402
1694492324,10,51985,8386,1784,400
1694492624,9,52016,8387,1784,399
1694492924,10,51985,8388,1784,400
1694493224,9,51984,8387,1784,399
1694493524,9,52002,8388,1784,402
1694493824,9,51979,8388,1784,399
1694494124,9,52005,8388,1784,401
1694494424,9,52044,8388,1784,402
1694494724,9,52014,8390,1784,400
1694495024,8,52014,8389,1784,399
1694495324,10,52022,8387,1783,402
1694495624,9,52031,8388,1783,401
1694495924,9,52044,8395,1782,401
1694496224,10,52037,8391,1782,401
1694496524,10,52023,8391,1781,399
1694496824,9,52047,8396,1781,401
1694497124,10,52037,8394,1781,401
1694497424,11,52054,8394,1779,401
1694497724,11,52065,8394,1779,401
1694498024,12,52058,8394,1781,401
1694498324,15,52062,8394,1781,401
1694498624,17,52071,8394,1781,400
1694498924,17,52044,8396,1781,399
1694499224,19,52025,8396,1781,401
1694499524,23,52143,8398,1782,399
1694499824,27,52108,8398,1782,399
1694500124,31,52065,8398,1782,400
1694500424,26,52053,8399,1783,399
1694500724,28,52075,8395,1783,401
1694501024,36,52092,8399,1783,399
1694501324,48,52070,8400,1784,401
1694501624,58,52103,8401,1785,400
1694501924,77,52057,8397,1786,401
1694502224,111,52035,8400,1787,400
1694502524,106,52040,8399,1790,401
1694502824,96,52046,8401,1792,401
1694503124,105,52046,8403,1795,402
1694503424,132,52078,8401,1796,401
1694503724,133,52037,8399,1800,401
1694504024,140,52142,8404,1803,401
1694504324,146,52056,8405,1806,401
1694504624,201,52053,8403,1810,401
1694504924,171,52116,8400,1814,401
1694505224,158,52044,8403,1817,401
1694505524,165,52089,8406,1820,401
1694505824,174,52105,8409,1823,401
1694506124,212,52059,8404,1825,401
1694506424,224,52084,8413,1828,400
1694506724,214,52076,8408,1831,400
1694507024,278,52079,8407,1835,400
1694507324,270,52051,8404,1839,401
1694507624,178,52116,8408,1844,401
1694507924,141,52112,8407,1848,401
1694508224,139,52128,8407,1852,401
1694508524,138,52154,8408,1853,401
1694508824,139,52172,8411,1854,402
1694509124,161,52195,8409,1856,402
1694509424,184,52163,8409,1857,401
1694509724,183,52178,8409,1858,402
1694510024,175,52211,8406,1861,401
1694510324,381,52210,8400,1862,401
1694510624,377,52198,8399,1870,402
1694510924,395,52290,8404,1879,402
1694511224,415,52276,8405,1891,401
1694511524,489,52263,8402,1900,402
1694511824,265,52192,8403,1908,401
1694512124,404,52211,8404,1915,401
1694512424,278,52226,8403,1924,402
1694512724,403,52207,8403,1932,400
1694513024,485,52257,8396,1937,400
1694513324,779,52219,8387,1948,400
1694513624,457,52173,8399,1962,401
1694513924,731,52241,8388,1974,401
1694514224,704,52135,8388,1994,400
1694514524,446,52142,8397,2008,403
1694514824,416,52142,8393,2021,403
1694515124,248,52205,8397,2026,401
1694515424,383,52229,8397,2021,402
1694515724,666,52196,8400,2021,402
1694516024,1118,52191,8386,2028,402
1694516324,1086,52133,8385,2040,404
1694516624,942,52113,8385,2056,402
1694516924,619,52139,8394,2073,402
1694517224,1170,52128,8383,2086,402
1694517524,480,52144,8396,2103,402
1694517824,1155,52189,8384,2106,401
1694518124,612,52190,8393,2115,402
1694518424,542,52183,8391,2124,402
1694518724,500,52333,8396,2127,403
1694519024,543,52263,8389,2132,403
1694519324,542,52401,8393,2136,403
1694519624,424,52314,8389,2138,403
1694519924,425,52359,8392,2145,403
1694520224,630,52450,8387,2152,402
1694520524,520,52373,8391,2162,401
1694520824,355,52376,8391,2162,404
1694521124,557,52508,8386,2159,401
1694521424,198,52544,8389,2157,403
1694521724,132,52605,8387,2149,403
1694522024,107,52592,8394,2140,403
1694522324,127,52656,8390,2132,403
1694522624,130,52660,8392,2123,403
1694522924,142,52659,8395,2114,402
1694523224,190,52721,8390,2104,401
1694523524,175,52775,8386,2094,401
1694523824,203,52770,8388,2083,401
1694524124,209,52774,8384,2073,403
1694524424,279,52745,8386,2064,404
1694524724,386,52739,8383,2056,401
1694525024,397,52816,8378,2051,403
1694525324,576,52703,8380,2048,401
1694525624,512,52764,8382,2048,401
1694525924,496,52718,8379,2049,403
1694526224,572,52697,8381,2051,403
1694526524,572,52705,8380,2053,403
1694526824,495,52760,8380,2054,403
1694527124,586,52738,8381,2054,403
1694527424,607,52841,8377,2054,403
1694527724,676,52721,8377,2054,403
1694528024,736,52762,8376,2053,403
1694528324,798,52677,8374,2054,403
1694528624,982,52666,8374,2053,403
1694528924,1530,52643,8374,2057,403
1694529224,1337,52659,8371,2065,403
1694529524,780,52507,8375,2075,402
1694529824,354,52635,8378,2079,402
1694530124,469,52856,8373,2074,403
1694530424,637,52734,8374,2070,403
1694530724,682,52795,8371,2068,403
1694531024,519,52721,8372,2069,403
1694531324,657,52758,8370,2070,403
1694531624,633,52824,8373,2073,402
1694531924,1010,52734,8365,2077,402
1694532224,1415,52716,8364,2086,403
1694532524,752,52721,8369,2094,402
1694532824,567,52786,8372,2099,404
1694533124,978,52769,8364,2101,404
1694533424,594,52846,8374,2103,404
1694533724,378,52851,8368,2101,403
1694534024,335,52897,8375,2097,404
1694534324,294,53035,8374,2089,404
1694534624,262,53051,8372,2081,404
1694534924,198,53136,8378,2071,404
1694535224,179,53124,8377,2061,404
1694535524,197,53168,8380,2051,405
1694535824,497,53290,8376,2044,403
1694536124,297,53243,8373,2037,405
1694536424,644,53205,8370,2032,405
1694536724,405,53225,8376,2029,403
1694537024,479,53221,8373,2025,403
1694537324,398,53199,8376,2023,403
1694537624,451,53296,8374,2020,404
1694537924,237,53271,8376,2018,403
1694538224,107,53389,8380,2016,403
1694538524,60,53390,8378,2012,404
1694538824,60,53409,8377,2006,403
1694539124,56,53451,8374,2000,404
1694539424,52,53449,8379,1995,404
1694539724,61,53486,8374,1987,403
1694540024,83,53490,8382,1982,403
1694540324,60,53536,8381,1976,404
1694540624,46,53548,8380,1970,404
1694540924,30,53581,8381,1962,403
1694541224,21,53571,8381,1956,403
1694541524,14,53497,8385,1949,404
1694541824,12,53537,8389,1943,404
1694542124,11,53600,8381,1936,403
1694542424,11,53594,8386,1929,403
1694542724,11,53601,8384,1924,405
1694543024,10,53581,8384,1919,403
1694543324,11,53541,8388,1914,403
1694543624,10,53549,8388,1909,403
1694543924,11,53553,8387,1904,403
1694544224,11,53566,8383,1901,403
1694544524,10,53564,8387,1896,402
1694544824,10,53576,8388,1893,405
1694545124,10,53601,8392,1890,405
1694545424,9,53571,8390,1887,403
1694545724,10,53511,8394,1884,402
1694546024,11,53510,8395,1881,402
1694546324,10,53540,8398,1879,402
1694546624,10,53547,8398,1876,402
1694546924,9,53383,8400,1874,402
1694547224,10,53400,8406,1870,405
1694547524,9,53365,8412,1869,402
1694547824,10,53366,8427,1866,404
1694548124,9,53484,8433,1862,403
1694548424,10,53474,8437,1859,403
1694548724,10,53529,8433,1854,403
1694549024,10,53485,8435,1851,403
1694549324,9,53563,8431,1848,403
1694549624,10,53575,8437,1845,403
1694549924,10,53601,8438,1844,404
1694550224,9,53646,8441,1842,403
1694550524,10,53649,8443,1841,403
1694550824,8,53818,8441,1841,403
1694551124,11,53859,8444,1841,403
1694551424,9,53858,8443,1842,403
1694551724,10,53885,8450,1843,403
1694552024,10,53982,8454,1843,400
1694552324,11,54029,8456,1843,400
1694552624,9,54017,8460,1842,403
1694552924,10,54185,8472,1840,403
1694553224,9,54154,8484,1839,403
1694553524,11,54158,8500,1837,403
1694553824,10,54217,8513,1836,403
1694554124,10,54182,8519,1836,403
1694554424,10,54161,8512,1837,403
1694554724,9,54190,8509,1837,403
1694555024,10,54266,8503,1837,402
1694555324,10,54342,8499,1837,403
1694555624,9,54333,8494,1837,404
1694555924,10,54465,8482,1840,403
1694556224,9,54459,8475,1842,403
1694556524,9,54549,8475,1843,403
1694556824,9,54591,8466,1844,404
1694557124,9,54623,8463,1845,403
1694557424,10,54604,8460,1845,403
1694557724,10,54721,8457,1845,403
1694558024,10,54755,8458,1845,404
1694558324,10,54643,8459,1845,403
1694558624,9,54715,8450,1845,404
1694558924,10,54681,8455,1845,404
1694559224,10,54719,8451,1845,404
1694559524,11,54870,8455,1845,403
1694559824,10,54686,8453,1843,404
1694560124,10,54769,8454,1841,404
1694560424,11,54792,8450,1839,404
1694560724,11,54758,8453,1837,404
1694561024,9,54747,8449,1835,405
1694561324,10,54711,8452,1833,403
1694561624,11,54778,8456,1831,405
1694561924,10,54825,8456,1829,404
1694562224,10,54764,8453,1827,403
1694562524,9,54762,8454,1826,403
1694562824,10,54734,8453,1825,403
1694563124,10,54749,8460,1823,402
