If found, please contact tlang@live.unc.edu
Firmware updated: 2023/03/14
OpenOBS SN:305

time,ambient_light,backscatter,pressure,water_temp,battery
1693785824,9,7182,8449,1783,404
1693786124,9,7179,8452,1783,395
1693786424,9,7243,8453,1781,394
1693786724,9,7195,8456,1781,394
1693787024,9,7202,8454,1779,394
1693787324,9,7202,8458,1779,395
1693787624,9,7195,8453,1779,394
1693787924,8,7216,8448,1779,394
1693788224,9,7198,8450,1777,395
1693788524,8,7196,8446,1775,395
1693788824,9,7215,8449,1774,395
1693789124,8,7211,8443,1773,395
1693789424,9,7233,8445,1773,394
1693789724,9,7222,8446,1771,395
1693790024,8,7226,8441,1770,395
1693790324,9,7213,8438,1770,395
1693790624,8,7228,8437,1769,395
1693790924,8,7251,8439,1768,394
1693791224,9,7225,8440,1767,393
1693791524,9,7230,8440,1767,395
1693791824,8,7215,8439,1766,395
1693792124,9,7226,8438,1765,394
1693792424,9,7228,8438,1764,394
1693792724,8,7230,8438,1762,394
1693793024,9,7229,8435,1762,394
1693793324,8,7220,8432,1761,394
1693793624,9,7230,8437,1759,394
1693793924,8,7243,8436,1758,394
1693794224,8,7239,8433,1757,394
1693794524,9,7242,8431,1756,394
1693794824,8,7196,8434,1754,394
1693795124,9,7181,8434,1754,395
1693795424,8,7173,8429,1753,394
1693795724,8,7190,8430,1752,394
1693796024,8,7198,8430,1751,394
1693796324,8,7186,8432,1750,394
1693796624,8,7175,8432,1750,394
1693796924,9,7160,8436,1749,395
1693797224,9,7168,8430,1748,395
1693797524,8,7169,8428,1748,394
1693797824,9,7174,8433,1746,395
1693798124,8,7183,8428,1746,394
1693798424,9,7177,8433,1745,394
1693798724,9,7200,8431,1745,394
1693799024,9,7215,8425,1745,394
1693799324,8,7192,8429,1744,394
1693799624,8,7183,8428,1743,395
1693799924,9,7210,8433,1743,396
1693800224,8,7191,8424,1742,395
1693800524,8,7197,8424,1741,393
1693800824,8,7186,8422,1740,394
1693801124,8,7204,8426,1739,394
1693801424,8,7202,8424,1739,395
1693801724,9,7194,8425,1737,393
1693802024,9,7203,8423,1737,394
1693802324,9,7212,8425,1736,393
1693802624,8,7208,8425,1735,394
1693802924,9,7202,8427,1735,395
1693803224,9,7203,8423,1734,395
1693803524,9,7218,8422,1733,395
1693803824,8,7211,8424,1732,394
1693804124,9,7189,8426,1731,395
1693804424,9,7185,8426,1729,395
1693804724,9,7194,8424,1728,395
1693805024,12,7185,8423,1726,395
1693805324,20,7206,8420,1725,394
1693805624,47,7185,8426,1723,394
1693805924,126,7221,8427,1721,395
1693806224,264,7182,8424,1720,395
1693806524,506,7213,8425,1719,395
1693806824,761,7192,8425,1719,395
1693807124,959,7205,8428,1718,395
1693807424,1276,7214,8429,1718,394
1693807724,1979,7229,8432,1717,396
1693808024,2357,7221,8429,1718,395
1693808324,2603,7236,8431,1719,395
1693808624,2497,7240,8431,1720,396
1693808924,2635,7272,8430,1720,396
1693809224,3043,7236,8431,1723,395
1693809524,3418,7253,8433,1724,396
1693809824,3461,7249,8435,1726,394
1693810124,3572,7271,8433,1729,395
1693810424,4160,7312,8433,1731,395
1693810724,4194,7269,8437,1733,395
1693811024,4322,7299,8440,1735,394
1693811324,4797,7286,8437,1737,394
1693811624,5502,7330,8434,1739,396
1693811924,6158,7301,8435,1741,395
1693812224,6482,7307,8435,1744,396
1693812524,6779,7385,8436,1746,395
1693812824,6821,7323,8437,1750,396
1693813124,7186,7332,8437,1753,395
1693813424,7010,7332,8435,1757,395
1693813724,7321,7379,8438,1760,396
1693814024,7656,7363,8437,1762,395
1693814324,8484,7361,8435,1765,396
1693814624,9607,7371,8438,1769,396
1693814924,10036,7371,8438,1773,396
1693815224,10651,7384,8439,1776,396
1693815524,10464,7416,8434,1781,395
1693815824,10473,7397,8439,1785,396
1693816124,10138,7400,8437,1790,396
1693816424,12747,7441,8436,1794,396
1693816724,15166,7448,8432,1801,396
1693817024,11073,7439,8439,1811,396
1693817324,16366,7460,8435,1818,396
1693817624,12876,7495,8444,1829,395
1693817924,22279,7452,8433,1836,395
1693818224,22828,7471,8432,1846,395
1693818524,23576,7525,8426,1858,397
1693818824,21585,7493,8431,1871,396
1693819124,25652,7485,8425,1885,396
1693819424,26356,7517,8423,1898,395
1693819724,25550,7537,8422,1911,396
1693820024,26022,7558,8420,1923,397
1693820324,27453,7573,8413,1935,398
1693820624,27332,7584,8409,1949,395
1693820924,26198,7577,8414,1961,395
1693821224,28058,7592,8407,1971,397
1693821524,28415,7626,8419,1985,396
1693821824,30000,7631,8404,1995,397
1693822124,32594,7638,8401,2006,396
1693822424,34550,7653,8400,2020,397
1693822724,37227,7705,8397,2031,396
1693823024,33918,7686,8401,2042,397
1693823324,32504,7692,8399,2052,397
1693823624,33257,7711,8397,2063,397
1693823924,32366,7727,8391,2074,397
1693824224,34083,7726,8390,2083,397
1693824524,30406,7743,8403,2096,396
1693824824,47357,7834,8392,2103,397
1693825124,49522,7850,8384,2112,396
1693825424,27965,7874,8410,2122,395
1693825724,27440,7877,8410,2121,395
1693826024,53499,7932,8378,2121,397
1693826324,55162,7951,8376,2130,396
1693826624,35583,7985,8411,2132,397
1693826924,24318,7989,8417,2131,397
1693827224,23507,8025,8417,2123,396
1693827524,28460,7998,8415,2118,397
1693827824,34831,8021,8398,2115,397
1693828124,33339,8080,8405,2110,397
1693828424,39465,8092,8400,2107,397
1693828724,44987,8105,8392,2114,396
1693829024,34479,8141,8405,2127,396
1693829324,39167,8315,8399,2129,397
1693829624,38604,8174,8408,2126,397
1693829924,32906,8236,8403,2128,397
1693830224,32119,8196,8410,2126,397
1693830524,23742,8202,8414,2130,397
1693830824,60684,8271,8385,2131,397
1693831124,25326,8310,8410,2131,397
1693831424,21787,8335,8410,2126,397
1693831724,47903,8441,8384,2120,397
1693832024,18231,8367,8412,2116,397
1693832324,27069,8387,8407,2091,397
1693832624,65535,8484,8370,2079,397
1693832924,47023,8429,8389,2085,397
1693833224,60045,8420,8380,2070,397
1693833524,34001,8469,8395,2072,396
1693833824,59904,8498,8376,2053,397
1693834124,59438,8563,8403,2056,397
1693834424,65535,8534,8370,2069,397
1693834724,63188,8626,8386,2076,396
1693835024,34115,8592,8409,2088,399
1693835324,62721,8687,8381,2085,397
1693835624,65448,8628,8368,2096,397
1693835924,21658,8647,8410,2113,398
1693836224,24846,8691,8406,2112,398
1693836524,32052,8680,8397,2106,397
1693836824,28150,8738,8400,2103,397
1693837124,65535,8758,8373,2109,398
1693837424,65535,8743,8369,2125,397
1693837724,60608,8747,8368,2143,398
1693838024,65039,8813,8385,2156,397
1693838324,65535,8812,8366,2163,397
1693838624,65535,8882,8365,2169,398
1693838924,31080,8904,8398,2173,397
1693839224,11080,8909,8405,2158,398
1693839524,8015,8842,8415,2138,398
1693839824,3145,9112,8430,2115,399
1693840124,11,15822,8458,2166,398
1693840424,12,16739,8480,2196,396
1693840724,12,15761,8476,2166,396
1693841024,13,15994,8467,2120,399
1693841324,11,14883,8462,2089,399
1693841624,11,13995,8463,2064,399
1693841924,10,16334,8463,2067,398
1693842224,11,19389,8458,2053,399
1693842524,11,18346,8464,2033,396
1693842824,11,16634,8462,2015,398
1693843124,10,15345,8454,2002,399
1693843424,13,14248,8454,1995,396
1693843724,31,13744,8445,1990,396
1693844024,55,13547,8441,1984,396
1693844324,78,13592,8435,1979,396
1693844624,80,13572,8437,1973,399
1693844924,80,13462,8436,1967,396
1693845224,109,13141,8438,1960,399
1693845524,171,12999,8431,1954,396
1693845824,237,12858,8427,1948,397
1693846124,301,12793,8427,1942,396
1693846424,282,12726,8426,1936,396
1693846724,314,12469,8427,1931,397
1693847024,247,12374,8427,1926,397
1693847324,206,12368,8427,1920,397
1693847624,457,12293,8425,1916,397
1693847924,1041,12258,8422,1911,398
1693848224,1340,12347,8422,1907,397
1693848524,1512,12299,8428,1903,397
1693848824,1532,12246,8426,1898,398
1693849124,1478,12266,8426,1894,398
1693849424,1303,12295,8428,1890,399
1693849724,1166,12242,8428,1886,398
1693850024,992,12266,8423,1881,398
1693850324,831,12207,8427,1877,398
1693850624,658,12214,8425,1873,399
1693850924,449,12214,8427,1869,398
1693851224,291,12233,8431,1865,399
1693851524,140,12303,8430,1860,399
1693851824,73,12209,8425,1856,398
1693852124,37,12194,8425,1852,398
1693852424,21,12246,8434,1849,398
1693852724,14,12121,8431,1845,398
1693853024,11,12131,8431,1842,398
1693853324,10,12128,8430,1839,397
1693853624,9,12125,8432,1836,398
1693853924,9,12137,8433,1833,398
1693854224,9,12120,8433,1829,397
1693854524,10,12105,8430,1827,399
1693854824,9,12153,8434,1825,399
1693855124,9,12120,8434,1823,399
1693855424,9,12177,8435,1820,397
1693855724,9,12136,8434,1818,399
1693856024,8,12181,8434,1816,398
1693856324,8,12124,8434,1814,397
1693856624,9,12133,8433,1812,398
1693856924,10,12128,8436,1810,397
1693857224,8,12189,8437,1807,398
1693857524,8,12130,8440,1804,397
1693857824,8,12157,8441,1804,399
1693858124,9,12156,8441,1802,398
1693858424,9,12137,8443,1800,398
1693858724,8,12155,8439,1799,399
1693859024,9,12173,8441,1796,398
1693859324,8,12204,8443,1795,398
1693859624,9,12185,8444,1795,398
1693859924,9,12166,8441,1794,399
1693860224,9,12131,8443,1793,398
1693860524,9,12172,8442,1792,398
1693860824,9,12150,8444,1791,397
1693861124,9,12164,8442,1789,397
1693861424,9,12190,8442,1787,398
1693861724,8,12178,8438,1786,398
1693862024,9,12132,8440,1784,397
1693862324,8,12188,8443,1783,397
1693862624,8,12199,8444,1781,397
1693862924,9,12171,8443,1779,397
1693863224,8,12208,8444,1778,398
1693863524,8,12167,8442,1776,398
1693863824,8,12157,8446,1775,397
1693864124,9,12181,8441,1774,398
1693864424,9,11904,8447,1773,398
1693864724,9,11902,8445,1771,397
1693865024,9,11901,8447,1770,396
1693865324,8,11886,8440,1769,397
1693865624,9,11934,8444,1768,397
1693865924,8,11894,8446,1767,398
1693866224,9,11887,8444,1766,398
1693866524,9,11919,8443,1765,398
1693866824,8,11875,8440,1762,398
1693867124,8,11900,8445,1762,398
1693867424,8,11947,8443,1761,398
1693867724,8,11896,8447,1759,398
1693868024,8,11930,8444,1759,398
1693868324,9,11908,8438,1759,397
1693868624,10,11899,8448,1759,398
1693868924,8,11876,8445,1759,398
1693869224,9,11924,8447,1759,398
1693869524,9,11902,8445,1759,398
1693869824,9,11926,8444,1758,398
1693870124,9,11935,8439,1758,397
1693870424,8,11944,8437,1757,397
1693870724,8,11965,8441,1756,397
1693871024,8,11928,8439,1754,398
1693871324,9,11910,8443,1754,397
1693871624,8,11926,8440,1753,398
1693871924,8,11934,8437,1753,399
