If found, please contact tlang@live.unc.edu
Firmware updated: 2023/03/14
OpenOBS SN:305

time,ambient_light,backscatter,pressure,water_temp,battery
1693526624,9,3822,8482,1721,400
1693526924,9,3824,8481,1720,389
1693527224,8,3819,8475,1720,389
1693527524,9,3824,8478,1719,389
1693527824,8,3820,8473,1719,389
1693528124,8,3821,8479,1718,389
1693528424,8,3822,8478,1718,389
1693528724,8,3831,8471,1719,389
1693529024,7,3820,8477,1720,388
1693529324,9,3827,8477,1720,389
1693529624,7,3826,8477,1720,389
1693529924,8,3827,8473,1721,389
1693530224,8,3864,8476,1723,390
1693530524,9,3835,8476,1724,390
1693530824,9,3832,8472,1725,390
1693531124,8,3834,8475,1725,389
1693531424,8,3834,8473,1726,390
1693531724,7,3844,8473,1726,389
1693532024,8,3832,8472,1726,389
1693532324,8,3838,8469,1726,389
1693532624,9,3831,8473,1726,390
1693532924,8,3819,8473,1725,389
1693533224,9,3852,8474,1723,389
1693533524,8,3837,8474,1721,391
1693533824,8,3837,8469,1720,391
1693534124,8,3838,8468,1719,391
1693534424,8,3839,8464,1718,389
1693534724,8,3843,8466,1717,389
1693535024,8,3836,8469,1716,388
1693535324,9,3833,8470,1715,389
1693535624,8,3840,8470,1714,390
1693535924,8,3837,8468,1714,390
1693536224,8,3841,8469,1714,390
1693536524,8,3849,8466,1714,390
1693536824,8,3846,8468,1712,390
1693537124,9,3836,8463,1712,390
1693537424,8,3853,8468,1712,390
1693537724,9,3848,8464,1712,390
1693538024,7,3844,8465,1712,390
1693538324,8,3841,8467,1712,390
1693538624,8,3840,8466,1711,390
1693538924,8,3846,8467,1711,390
1693539224,7,3846,8465,1711,389
1693539524,8,3857,8464,1710,389
1693539824,8,3847,8466,1710,390
1693540124,8,3850,8467,1711,391
1693540424,7,3854,8466,1711,391
1693540724,8,3858,8463,1712,391
1693541024,8,3858,8466,1712,391
1693541324,7,3854,8466,1712,391
1693541624,8,3854,8466,1712,389
1693541924,8,3856,8465,1712,391
1693542224,8,3860,8467,1712,389
1693542524,8,3867,8468,1712,389
1693542824,9,3857,8467,1712,391
1693543124,9,3880,8463,1712,388
1693543424,9,3867,8468,1711,389
1693543724,8,3857,8468,1710,389
1693544024,8,3866,8469,1709,389
1693544324,8,3860,8471,1708,390
1693544624,8,3867,8467,1707,390
1693544924,8,3869,8468,1706,389
1693545224,9,3863,8470,1704,389
1693545524,9,3880,8466,1704,389
1693545824,15,3866,8470,1703,390
1693546124,30,3870,8473,1702,389
1693546424,74,3871,8471,1701,389
1693546724,171,3864,8471,1700,389
1693547024,329,3948,8470,1700,389
1693547324,549,3879,8472,1699,389
1693547624,845,3877,8473,1698,389
1693547924,1169,3896,8468,1698,389
1693548224,1495,3888,8471,1696,391
1693548524,1879,3874,8474,1696,390
1693548824,2258,3897,8471,1696,390
1693549124,2471,3887,8474,1698,389
1693549424,2868,3892,8473,1698,389
1693549724,3215,3891,8472,1699,389
1693550024,3298,3894,8469,1700,389
1693550324,3301,3892,8477,1701,390
1693550624,3771,3900,8472,1702,389
1693550924,3933,3891,8471,1704,390
1693551224,4266,3889,8474,1706,389
1693551524,4217,3900,8472,1708,390
1693551824,4583,3892,8474,1711,390
1693552124,4698,3899,8472,1714,389
1693552424,4781,3895,8469,1718,390
1693552724,5381,3894,8473,1721,390
1693553024,5530,3897,8473,1727,391
1693553324,6072,3886,8473,1733,390
1693553624,6106,3894,8476,1737,390
1693553924,6469,3902,8469,1743,390
1693554224,6609,3902,8472,1746,390
1693554524,6905,3898,8478,1750,390
1693554824,8181,3907,8473,1753,390
1693555124,8336,3906,8478,1759,390
1693555424,6941,3917,8483,1764,390
1693555724,8369,3907,8479,1765,391
1693556024,10172,3914,8482,1765,390
1693556324,21942,3911,8466,1767,390
1693556624,22687,3939,8455,1774,391
1693556924,24692,3937,8455,1783,390
1693557224,22905,3931,8459,1792,391
1693557524,25477,3928,8451,1801,390
1693557824,25835,3937,8456,1810,390
1693558124,28861,3938,8452,1819,391
1693558424,29635,3932,8448,1829,391
1693558724,30946,3953,8444,1841,391
1693559024,32119,3944,8443,1852,391
1693559324,32420,3943,8448,1864,390
1693559624,33293,3951,8444,1873,391
1693559924,35016,3947,8436,1885,391
1693560224,38423,3942,8439,1895,390
1693560524,42327,3949,8433,1904,390
1693560824,42963,3961,8437,1917,391
1693561124,44742,3966,8434,1929,389
1693561424,48339,3955,8430,1939,390
1693561724,43810,3954,8438,1954,392
1693562024,33918,3958,8454,1966,393
1693562324,25338,3947,8457,1976,392
1693562624,19536,3959,8467,1977,390
1693562924,16068,3966,8467,1966,390
1693563224,21909,3973,8467,1958,390
1693563524,28914,3980,8461,1953,391
1693563824,25330,3977,8464,1950,390
1693564124,22561,3971,8464,1945,390
1693564424,18907,3972,8463,1940,391
1693564724,15827,3977,8467,1932,390
1693565024,20711,3993,8463,1925,390
1693565324,30831,3997,8457,1921,390
1693565624,62833,3989,8417,1923,391
1693565924,45057,4000,8445,1931,391
1693566224,48972,4005,8458,1943,391
1693566524,65535,3986,8400,1959,391
1693566824,65504,3991,8412,1981,391
1693567124,65535,3991,8410,1999,391
1693567424,65535,3987,8412,2010,392
1693567724,65535,3975,8403,2023,392
1693568024,50936,4011,8434,2036,390
1693568324,65535,4000,8418,2051,390
1693568624,64005,4006,8426,2067,393
1693568924,65535,3993,8397,2082,390
1693569224,48418,4024,8442,2092,390
1693569524,65535,4011,8401,2094,393
1693569824,65535,3998,8397,2105,390
1693570124,53560,4021,8437,2123,390
1693570424,35390,4022,8445,2124,390
1693570724,34235,4042,8447,2115,390
1693571024,23048,4042,8452,2103,390
1693571324,22258,4027,8454,2094,392
1693571624,22201,4016,8459,2087,392
1693571924,25742,4033,8454,2080,392
1693572224,35285,4059,8443,2073,391
1693572524,45361,4045,8442,2067,392
1693572824,28451,4054,8449,2062,391
1693573124,39358,4048,8441,2054,391
1693573424,35090,4056,8447,2048,390
1693573724,40572,4066,8447,2045,392
1693574024,39488,4054,8441,2041,392
1693574324,34737,4074,8444,2037,392
1693574624,29762,4096,8449,2032,392
1693574924,25820,4097,8453,2028,390
1693575224,20484,4084,8451,2021,390
1693575524,17015,4084,8456,2014,393
1693575824,16223,4084,8460,2006,392
1693576124,15510,4070,8454,1999,393
1693576424,13748,4086,8453,1991,393
1693576724,13821,4109,8455,1984,390
1693577024,14549,4095,8450,1977,391
1693577324,15703,4092,8452,1970,391
1693577624,18401,4104,8446,1966,392
1693577924,17910,4109,8448,1962,392
1693578224,17168,4110,8450,1959,391
1693578524,15504,4108,8445,1956,391
1693578824,15331,4106,8441,1952,392
1693579124,15340,4101,8446,1948,392
1693579424,15622,4102,8448,1945,392
1693579724,14803,4115,8448,1943,391
1693580024,15118,4109,8450,1940,390
1693580324,17458,4113,8444,1937,391
1693580624,18193,4115,8440,1935,392
1693580924,20628,4117,8436,1933,391
1693581224,27338,4147,8443,1932,392
1693581524,29506,4145,8437,1932,392
1693581824,45963,4172,8424,1933,392
1693582124,65535,4127,8415,1940,391
1693582424,65535,4144,8416,1949,392
1693582724,65535,4148,8415,1959,392
1693583024,64469,4131,8421,1965,392
1693583324,52685,4157,8424,1967,392
1693583624,42866,4156,8432,1967,392
1693583924,12769,4150,8445,1965,391
1693584224,12830,4147,8446,1959,392
1693584524,15726,4152,8439,1952,391
1693584824,13784,4153,8440,1945,393
1693585124,35768,4177,8434,1941,391
1693585424,16628,4164,8438,1939,393
1693585724,12501,4152,8442,1934,391
1693586024,10317,4156,8440,1928,392
1693586324,5749,4158,8446,1921,391
1693586624,5783,4166,8443,1916,392
1693586924,6447,4183,8441,1910,393
1693587224,7204,4167,8440,1904,392
1693587524,9661,4169,8439,1900,392
1693587824,15407,4181,8438,1896,393
1693588124,13517,4196,8440,1895,393
1693588424,7607,4194,8440,1894,392
1693588724,6994,4190,8446,1890,393
1693589024,7570,4208,8443,1884,393
1693589324,7330,4206,8441,1879,392
1693589624,5964,4247,8445,1875,393
1693589924,4192,4218,8447,1871,392
1693590224,3293,4226,8447,1868,392
1693590524,2577,4207,8448,1864,393
1693590824,1653,4230,8447,1859,393
1693591124,1458,4211,8445,1856,393
1693591424,1238,4225,8444,1853,393
1693591724,781,4210,8444,1849,393
1693592024,693,4228,8443,1846,393
1693592324,536,4205,8445,1843,392
1693592624,272,4257,8451,1840,393
1693592924,131,4217,8445,1837,392
1693593224,64,4233,8445,1834,393
1693593524,30,4231,8443,1832,392
1693593824,16,4246,8445,1829,392
1693594124,10,4218,8446,1826,392
1693594424,10,4222,8444,1823,392
1693594724,8,4238,8446,1820,393
1693595024,10,4246,8444,1817,392
1693595324,9,4242,8441,1815,393
1693595624,10,4240,8446,1812,393
1693595924,9,4245,8444,1811,391
1693596224,9,4233,8448,1809,392
1693596524,8,4229,8442,1806,393
1693596824,9,4236,8449,1804,393
1693597124,9,4243,8452,1802,392
1693597424,9,4248,8453,1800,393
1693597724,9,4234,8456,1798,391
1693598024,9,4231,8455,1795,393
1693598324,8,4223,8450,1794,392
1693598624,9,4218,8457,1792,393
1693598924,9,4244,8453,1791,392
1693599224,9,4254,8459,1791,393
1693599524,8,4237,8460,1790,393
1693599824,9,4242,8456,1790,393
1693600124,8,4241,8457,1787,392
1693600424,8,4229,8459,1787,393
1693600724,9,4248,8459,1786,393
1693601024,9,4254,8464,1785,393
1693601324,9,4235,8462,1785,393
1693601624,9,4249,8465,1784,392
1693601924,8,4259,8461,1784,393
1693602224,9,4267,8459,1782,393
1693602524,9,4236,8460,1781,393
1693602824,8,4234,8461,1781,393
1693603124,8,4242,8462,1779,391
1693603424,9,4249,8463,1777,393
1693603724,8,4278,8463,1775,393
1693604024,8,4240,8464,1773,393
1693604324,7,4264,8456,1770,393
1693604624,9,4270,8461,1769,394
1693604924,8,4261,8461,1768,392
1693605224,8,4257,8459,1766,391
1693605524,9,4258,8460,1765,391
1693605824,9,4260,8461,1764,391
1693606124,8,4267,8464,1762,392
1693606424,9,4258,8459,1761,393
1693606724,9,4256,8458,1760,391
1693607024,8,4256,8458,1759,391
1693607324,9,4261,8460,1757,392
1693607624,8,4255,8463,1754,392
1693607924,8,4278,8458,1754,394
1693608224,9,4269,8459,1753,391
1693608524,9,4285,8459,1752,393
1693608824,7,4270,8458,1751,393
1693609124,8,4264,8458,1750,391
1693609424,8,4274,8462,1749,393
1693609724,8,4270,8456,1749,393
1693610024,8,4265,8456,1748,393
1693610324,9,4277,8460,1748,394
1693610624,8,4277,8464,1746,393
1693610924,10,4262,8460,1745,393
1693611224,9,4288,8462,1745,393
1693611524,8,4286,8459,1744,393
1693611824,8,4267,8462,1743,393
1693612124,8,4270,8460,1742,393
1693612424,9,4265,8461,1741,392
1693612724,8,4283,8460,1740,393
