If found, please contact tlang@live.unc.edu
Firmware updated: 2023/03/14
OpenOBS SN:305

time,ambient_light,backscatter,pressure,water_temp,battery
1698797024,12,8509,8394,1484,451
1698797324,12,8561,8394,1482,447
1698797624,12,8536,8396,1481,453
1698797924,12,8552,8397,1480,444
1698798224,11,8595,8398,1479,443
1698798524,12,8553,8393,1478,454
1698798824,12,8567,8395,1477,444
1698799124,13,8564,8395,1476,443
1698799424,11,8525,8392,1476,445
1698799724,12,8581,8393,1475,444
1698800024,13,8555,8391,1474,444
1698800324,12,8595,8392,1473,445
1698800624,13,8602,8390,1472,455
1698800924,13,8586,8390,1471,445
1698801224,12,8577,8390,1470,446
1698801524,12,8598,8392,1470,455
1698801824,11,8569,8392,1469,445
1698802124,13,8620,8389,1469,444
1698802424,12,8598,8392,1468,444
1698802724,12,8612,8389,1467,443
1698803024,13,8607,8389,1466,455
1698803324,12,8622,8390,1466,442
1698803624,12,8640,8388,1465,454
1698803924,13,8625,8387,1465,454
1698804224,12,8644,8389,1464,455
1698804524,12,8571,8387,1464,454
1698804824,13,8602,8390,1463,443
1698805124,11,8577,8390,1463,453
1698805424,11,8633,8387,1463,455
1698805724,12,8544,8387,1462,453
1698806024,12,8626,8388,1462,454
1698806324,12,8592,8384,1462,455
1698806624,13,8616,8386,1461,453
1698806924,12,8651,8385,1461,453
1698807224,12,8627,8388,1461,444
1698807524,11,8610,8385,1461,455
1698807824,12,8636,8385,1460,454
1698808124,12,8640,8386,1460,454
1698808424,12,8663,8385,1460,455
1698808724,13,8659,8385,1459,454
1698809024,12,8656,8383,1459,451
1698809324,12,8670,8384,1459,453
1698809624,12,8620,8385,1458,453
1698809924,12,8663,8387,1458,454
1698810224,12,8661,8384,1457,455
1698810524,11,8645,8384,1457,454
1698810824,12,8643,8385,1456,454
1698811124,11,8641,8383,1456,453
1698811424,12,8686,8382,1456,454
1698811724,12,8637,8386,1456,454
1698812024,12,8677,8383,1456,455
1698812324,13,8634,8384,1455,453
1698812624,12,8702,8385,1455,454
1698812924,12,8675,8383,1455,455
1698813224,13,8684,8384,1454,454
1698813524,12,8720,8385,1455,455
1698813824,12,8651,8382,1455,453
1698814124,12,8713,8385,1455,455
1698814424,13,8705,8391,1456,389
1698814724,12,8722,8390,1456,388
1698815024,12,8726,8390,1456,390
1698815324,11,8705,8390,1456,387
1698815624,13,8716,8390,1455,444
1698815924,12,8702,8393,1456,391
1698816224,13,8714,8388,1455,443
1698816524,12,8733,8393,1455,388
1698816824,12,8750,8393,1455,389
1698817124,12,8737,8393,1455,390
1698817424,12,8724,8394,1455,389
1698817724,12,8739,8392,1454,388
1698818024,13,8779,8394,1454,390
1698818324,16,8757,8394,1454,389
1698818624,25,8758,8396,1454,390
1698818924,46,8765,8396,1454,389
1698819224,84,8769,8395,1453,390
1698819524,123,8783,8395,1453,390
1698819824,157,8758,8394,1454,390
1698820124,181,9444,8394,1454,390
1698820424,238,10106,8396,1454,390
1698820724,388,8082,8395,1454,391
1698821024,500,6365,8398,1455,389
1698821324,566,6320,8396,1456,390
1698821624,754,6333,8398,1458,390
1698821924,839,6838,8399,1459,389
1698822224,1049,6284,8396,1461,391
1698822524,1261,6247,8397,1463,390
1698822824,1439,6250,8397,1465,389
1698823124,1742,6264,8397,1468,389
1698823424,2006,6277,8400,1471,389
1698823724,2132,6283,8398,1475,390
1698824024,2567,6285,8399,1479,390
1698824324,2727,6253,8398,1483,389
1698824624,2983,6268,8399,1489,389
1698824924,2954,6268,8401,1494,390
1698825224,2829,6257,8401,1500,390
1698825524,2858,6262,8402,1505,390
1698825824,3339,6278,8400,1511,390
1698826124,4382,6278,8397,1516,391
1698826424,4214,6258,8406,1522,391
1698826724,3873,6292,8406,1530,391
1698827024,4276,6259,8400,1537,391
1698827324,4139,6265,8401,1543,391
1698827624,4551,6286,8402,1549,391
1698827924,4637,6289,8403,1556,391
1698828224,4362,6284,8402,1562,392
1698828524,4062,6283,8400,1569,391
1698828824,4498,6316,8404,1574,391
1698829124,4676,6305,8406,1579,391
1698829424,4906,6363,8400,1585,391
1698829724,5446,6179,8402,1590,391
1698830024,5922,6197,8405,1596,392
1698830324,7311,6216,8404,1602,391
1698830624,7927,6190,8402,1610,391
1698830924,8714,6202,8400,1619,391
1698831224,9895,6219,8397,1628,391
1698831524,9169,6205,8398,1637,391
1698831824,11069,6233,8402,1648,391
1698832124,7763,6246,8402,1657,391
1698832424,17096,6225,8395,1665,391
1698832724,11523,6240,8393,1676,390
1698833024,13706,6253,8396,1685,391
1698833324,20788,6300,8390,1694,391
1698833624,16616,6343,8392,1704,391
1698833924,11255,6290,8394,1715,391
1698834224,9425,6327,8396,1721,392
1698834524,7767,6486,8394,1727,392
1698834824,8569,6375,8391,1732,391
1698835124,6739,6375,8391,1735,392
1698835424,7167,6359,8393,1736,391
1698835724,10482,6381,8394,1737,392
1698836024,10252,6380,8391,1742,393
1698836324,8866,6374,8387,1748,393
1698836624,7823,6388,8388,1753,393
1698836924,7488,6387,8388,1757,392
1698837224,10297,6415,8382,1760,391
1698837524,9988,6357,8387,1766,391
1698837824,6057,6384,8389,1770,391
1698838124,6366,6354,8387,1770,391
1698838424,6970,6366,8388,1770,391
1698838724,6613,6400,8385,1770,392
1698839024,5884,6408,8386,1770,392
1698839324,4783,6402,8388,1770,391
1698839624,4365,6396,8384,1768,391
1698839924,6102,6444,8385,1767,393
1698840224,6892,6419,8377,1766,393
1698840524,7683,6440,8379,1767,392
1698840824,8425,6453,8384,1769,392
1698841124,10666,6448,8376,1771,392
1698841424,7263,6452,8380,1775,392
1698841724,5842,9236,8381,1777,392
1698842024,7081,6298,8381,1777,392
1698842324,6828,6290,8380,1779,392
1698842624,9599,6303,8375,1779,392
1698842924,13076,6288,8376,1781,393
1698843224,21971,6341,8372,1784,392
1698843524,44362,6317,8365,1790,392
1698843824,30896,6326,8370,1804,392
1698844124,43356,6324,8362,1812,391
1698844424,6005,6345,8375,1821,392
1698844724,5344,6347,8371,1819,392
1698845024,9046,6377,8373,1818,391
1698845324,13040,6371,8370,1817,392
1698845624,10098,6470,8371,1814,392
1698845924,10188,6810,8373,1812,392
1698846224,6194,6324,8371,1810,392
1698846524,3885,6361,8372,1807,393
1698846824,4792,6385,8373,1804,392
1698847124,5590,6341,8369,1804,392
1698847424,10416,6366,8371,1802,392
1698847724,33569,6400,8368,1800,392
1698848024,16294,6727,8364,1802,392
1698848324,8134,6407,8371,1800,392
1698848624,13304,6922,8370,1798,392
1698848924,5049,8144,8369,1796,393
1698849224,28171,6260,8365,1794,393
1698849524,21254,6270,8361,1795,393
1698849824,31970,6263,8366,1793,393
1698850124,9287,6283,8370,1787,392
1698850424,8219,6311,8369,1782,392
1698850724,4400,6451,8367,1779,393
1698851024,10046,6323,8371,1776,393
1698851324,35986,6332,8363,1771,392
1698851624,30943,6329,8364,1773,392
1698851924,25874,6345,8365,1771,393
1698852224,18593,6334,8367,1767,393
1698852524,8061,6346,8368,1765,393
1698852824,6773,6364,8369,1764,394
1698853124,6071,6385,8368,1760,392
1698853424,3466,6414,8369,1756,394
1698853724,4683,6411,8366,1751,393
1698854024,3963,6428,8366,1746,394
1698854324,3299,6442,8369,1743,393
1698854624,2627,6491,8367,1740,393
1698854924,2639,8942,8370,1737,394
1698855224,2988,9065,8370,1735,393
1698855524,3110,6157,8371,1731,393
1698855824,3579,6173,8371,1725,394
1698856124,2793,6714,8372,1721,392
1698856424,2015,6661,8370,1718,393
1698856724,1524,4712,8370,1712,393
1698857024,1178,5186,8370,1708,394
1698857324,1196,4867,8370,1702,392
1698857624,1159,4934,8371,1696,394
1698857924,865,4797,8372,1692,394
1698858224,444,7720,8374,1687,394
1698858524,377,4775,8373,1684,393
1698858824,275,5181,8375,1679,392
1698859124,181,4622,8376,1677,394
1698859424,106,4608,8373,1673,394
1698859724,68,4620,8371,1669,392
1698860024,30,4619,8377,1664,394
1698860324,18,4664,8375,1660,393
1698860624,15,4654,8375,1656,393
1698860924,13,4646,8378,1652,393
1698861224,14,4647,8375,1648,393
1698861524,13,4656,8376,1644,394
1698861824,14,4665,8375,1640,393
1698862124,13,4644,8377,1635,393
1698862424,13,4656,8378,1631,391
1698862724,13,4698,8380,1627,392
1698863024,13,4680,8377,1623,393
1698863324,13,4681,8379,1619,393
1698863624,13,4679,8380,1615,393
1698863924,13,4680,8382,1610,391
1698864224,13,4680,8382,1606,393
1698864524,13,4684,8385,1602,394
1698864824,13,4685,8382,1598,391
1698865124,13,4713,8384,1594,392
1698865424,13,4691,8385,1591,391
1698865724,14,4658,8385,1587,392
1698866024,14,4678,8387,1584,391
1698866324,12,4677,8386,1581,392
1698866624,13,4684,8389,1577,393
1698866924,12,4677,8384,1574,392
1698867224,13,4711,8390,1571,392
1698867524,12,4693,8391,1567,392
1698867824,12,4701,8391,1564,393
1698868124,13,4697,8391,1561,392
1698868424,12,4722,8389,1558,391
1698868724,13,4717,8389,1555,392
1698869024,13,4695,8391,1553,391
1698869324,12,4702,8393,1550,393
1698869624,13,4692,8389,1547,393
1698869924,13,4695,8390,1544,392
1698870224,13,4717,8388,1542,393
1698870524,12,4727,8392,1539,392
1698870824,12,4736,8392,1537,393
1698871124,13,4759,8391,1534,392
1698871424,12,4735,8392,1532,392
1698871724,12,4759,8393,1529,393
1698872024,13,4747,8389,1525,393
1698872324,12,4723,8392,1523,393
1698872624,12,4753,8391,1521,393
1698872924,13,4745,8392,1519,391
1698873224,13,4742,8391,1517,392
1698873524,14,4785,8394,1514,392
1698873824,12,4781,8393,1512,391
1698874124,13,4762,8394,1510,391
1698874424,13,4755,8391,1508,391
1698874724,12,4783,8391,1506,393
1698875024,12,4759,8392,1504,393
1698875324,12,4776,8394,1502,391
1698875624,13,4808,8393,1500,392
1698875924,13,4841,8390,1497,391
1698876224,13,4835,8394,1496,393
1698876524,12,4823,8393,1494,392
1698876824,13,4819,8392,1491,392
1698877124,12,4773,8394,1489,391
1698877424,12,4851,8392,1487,392
1698877724,12,4827,8391,1485,393
1698878024,13,4815,8392,1483,392
1698878324,12,4813,8391,1481,392
1698878624,12,4802,8389,1479,392
1698878924,13,4829,8391,1478,392
1698879224,12,4849,8389,1476,392
1698879524,11,4852,8389,1474,391
1698879824,12,4823,8394,1472,391
1698880124,12,4804,8392,1471,392
1698880424,12,4853,8388,1470,394
1698880724,12,4897,8391,1468,391
1698881024,12,4864,8389,1467,391
1698881324,12,4861,8387,1465,391
1698881624,11,4843,8389,1463,391
1698881924,13,4847,8391,1462,393
1698882224,12,4885,8385,1460,445
1698882524,12,4846,8389,1460,392
1698882824,12,4869,8384,1457,445
1698883124,12,4909,8384,1456,445
