If found, please contact tlang@live.unc.edu
Firmware updated: 2023/03/14
OpenOBS SN:305

time,ambient_light,backscatter,pressure,water_temp,battery
1693008224,9,3544,8644,1762,402
1693008524,8,3515,8658,1762,392
1693008824,9,3459,8636,1762,392
1693009124,8,3628,8672,1762,391
1693009424,8,3491,8640,1764,392
1693009724,8,3441,8653,1764,392
1693010024,8,3429,8634,1765,394
1693010324,9,3419,8638,1766,392
1693010624,9,3387,8646,1767,393
1693010924,9,3504,8657,1768,392
1693011224,9,3439,8687,1769,393
1693011524,8,3462,8633,1770,393
1693011824,8,3470,8647,1770,392
1693012124,8,3439,8647,1770,393
1693012424,8,3413,8673,1770,393
1693012724,7,3421,8666,1770,392
1693013024,9,3466,8661,1770,393
1693013324,8,3670,8643,1770,391
1693013624,8,4060,8651,1770,393
1693013924,8,3971,8661,1770,391
1693014224,8,3859,8652,1770,391
1693014524,8,3632,8649,1770,392
1693014824,9,3544,8677,1770,392
1693015124,8,3510,8665,1770,391
1693015424,8,3405,8624,1770,391
1693015724,7,3361,8633,1770,391
1693016024,8,3380,8639,1770,391
1693016324,8,3430,8660,1771,392
1693016624,8,3431,8683,1771,391
1693016924,9,3414,8648,1773,391
1693017224,9,3407,8682,1773,391
1693017524,8,3457,8671,1775,392
1693017824,9,3584,8649,1778,392
1693018124,9,4057,8647,1781,392
1693018424,9,4571,8659,1785,391
1693018724,8,4377,8671,1789,393
1693019024,8,4189,8670,1790,392
1693019324,8,4191,8654,1792,393
1693019624,8,4609,8646,1792,391
1693019924,9,5729,8625,1794,391
1693020224,8,5341,8682,1793,393
1693020524,9,4850,8618,1794,393
1693020824,8,5093,8593,1794,393
1693021124,8,4800,8629,1793,393
1693021424,9,4410,8655,1792,391
1693021724,8,4254,8659,1790,393
1693022024,8,4293,8649,1789,393
1693022324,9,4207,8652,1787,392
1693022624,9,3958,8635,1787,394
1693022924,8,4012,8672,1785,392
1693023224,9,3872,8557,1784,393
1693023524,8,3768,8647,1783,392
1693023824,8,3662,8644,1783,394
1693024124,8,3712,8632,1782,392
1693024424,9,3559,8647,1781,394
1693024724,8,3644,8663,1779,393
1693025024,8,3543,8610,1779,393
1693025324,8,3472,8629,1779,393
1693025624,8,3466,8644,1779,393
1693025924,9,3466,8629,1778,393
1693026224,8,3423,8614,1777,393
1693026524,7,3426,8626,1776,393
1693026824,9,3381,8636,1775,393
1693027124,8,3428,8638,1775,393
1693027424,9,3352,8621,1774,393
1693027724,9,3426,8640,1773,393
1693028024,11,3332,8623,1773,393
1693028324,15,3317,8646,1771,392
1693028624,18,3331,8638,1771,393
1693028924,22,3322,8635,1771,392
1693029224,25,3322,8632,1770,393
1693029524,37,3296,8621,1770,393
1693029824,56,3295,8608,1770,393
1693030124,82,3314,8631,1770,393
1693030424,138,3431,8581,1770,393
1693030724,172,3267,8582,1770,393
1693031024,220,3272,8601,1770,391
1693031324,217,3275,8627,1770,393
1693031624,212,3290,8600,1770,393
1693031924,258,3313,8639,1771,393
1693032224,294,3302,8629,1771,391
1693032524,277,3303,8620,1771,394
1693032824,185,3314,8619,1771,392
1693033124,180,3392,8605,1771,393
1693033424,171,3327,8632,1773,393
1693033724,152,3375,8633,1771,393
1693034024,227,3366,8624,1773,393
1693034324,409,3366,8629,1773,393
1693034624,480,3281,8625,1774,393
1693034924,374,3272,8628,1775,393
1693035224,653,3281,8643,1776,393
1693035524,492,3249,8610,1777,393
1693035824,699,3254,8639,1777,393
1693036124,795,3273,8598,1778,392
1693036424,644,3268,8637,1779,392
1693036724,255,7198,8632,1781,392
1693037024,374,5997,8637,1781,395
1693037324,420,7935,8634,1782,393
1693037624,1552,3236,8643,1784,393
1693037924,1452,3250,8628,1785,393
1693038224,1282,3230,8638,1785,393
1693038524,1450,3220,8644,1786,393
1693038824,2337,3209,8631,1787,394
1693039124,2641,3222,8625,1787,393
1693039424,1237,3207,8628,1790,394
1693039724,1081,3203,8605,1790,393
1693040024,1107,3326,8623,1791,393
1693040324,1392,3227,8645,1791,394
1693040624,1671,3205,8638,1791,394
1693040924,1670,3198,8630,1792,393
1693041224,1997,3222,8590,1792,393
1693041524,2606,3212,8641,1792,393
1693041824,2648,3201,8608,1794,393
1693042124,2677,3201,8629,1795,393
1693042424,2771,3195,8646,1796,394
1693042724,3041,3200,8633,1798,394
1693043024,2739,3203,8635,1799,394
1693043324,1959,3214,8611,1798,392
1693043624,1152,3189,8602,1796,394
1693043924,1291,3189,8628,1795,393
1693044224,1614,3203,8637,1794,394
1693044524,1921,3179,8580,1793,395
1693044824,2165,3198,8628,1792,394
1693045124,2817,3210,8619,1792,393
1693045424,2992,3211,8630,1793,393
1693045724,2634,3200,8582,1794,392
1693046024,2857,3223,8615,1795,393
1693046324,2649,3215,8614,1796,395
1693046624,3410,3223,8630,1799,393
1693046924,3307,3226,8630,1802,393
1693047224,5306,3241,8606,1806,393
1693047524,8075,3209,8611,1812,393
1693047824,10755,3206,8608,1820,394
1693048124,9199,3211,8611,1826,395
1693048424,10639,3176,8636,1832,394
1693048724,9008,3193,8618,1836,395
1693049024,8703,3207,8614,1837,394
1693049324,9236,3193,8611,1840,394
1693049624,11005,3175,8597,1843,393
1693049924,10731,3189,8603,1845,395
1693050224,9149,3185,8611,1849,393
1693050524,7639,3178,8624,1848,396
1693050824,7853,3182,8607,1846,394
1693051124,7498,3193,8621,1846,395
1693051424,6818,3257,8601,1849,396
1693051724,7267,3247,8605,1849,396
1693052024,6842,3180,8611,1850,395
1693052324,7353,3190,8598,1850,395
1693052624,8156,3160,8607,1850,396
1693052924,7606,3188,8561,1850,395
1693053224,7964,3170,8617,1850,395
1693053524,8846,3161,8600,1850,395
1693053824,7319,3176,8592,1850,395
1693054124,6348,3192,8604,1850,395
1693054424,7731,3184,8553,1849,395
1693054724,6936,3197,8592,1849,393
1693055024,6275,3184,8562,1848,393
1693055324,5126,3169,8600,1848,395
1693055624,3567,3176,8591,1845,395
1693055924,3687,3191,8576,1843,394
1693056224,5212,3182,8597,1842,394
1693056524,5349,3189,8612,1841,395
1693056824,4204,3196,8593,1841,395
1693057124,3632,3182,8610,1840,396
1693057424,3764,3196,8595,1839,393
1693057724,4192,3370,8610,1837,393
1693058024,3248,3404,8598,1837,394
1693058324,3886,3281,8575,1836,394
1693058624,2891,3174,8593,1835,396
1693058924,3489,3160,8603,1833,396
1693059224,3592,3159,8605,1831,394
1693059524,6127,3155,8593,1829,393
1693059824,7516,3171,8595,1829,396
1693060124,7771,3176,8614,1829,393
1693060424,9018,3166,8585,1829,394
1693060724,9603,3165,8592,1829,395
1693061024,10848,3180,8593,1831,394
1693061324,12349,3179,8588,1832,394
1693061624,10843,3175,8566,1834,395
1693061924,12101,3162,8578,1836,394
1693062224,12138,3167,8600,1837,394
1693062524,11212,3164,8605,1839,395
1693062824,37840,3160,8560,1839,394
1693063124,21738,3163,8582,1845,394
1693063424,14243,3144,8583,1851,395
1693063724,12443,3153,8557,1852,394
1693064024,8412,3162,8574,1851,395
1693064324,5897,3151,8592,1849,395
1693064624,6628,3158,8586,1846,395
1693064924,6083,3169,8580,1845,395
1693065224,1000,3303,8609,1844,394
1693065524,4621,3166,8605,1842,395
1693065824,4909,3159,8605,1841,395
1693066124,4240,3180,8599,1840,395
1693066424,4794,3150,8601,1837,394
1693066724,3722,3224,8585,1834,395
1693067024,2681,3155,8591,1832,395
1693067324,2273,3173,8581,1829,394
1693067624,2673,3163,8599,1826,395
1693067924,3256,3171,8599,1824,395
1693068224,3695,3155,8602,1820,395
1693068524,2760,3154,8587,1819,395
1693068824,2075,3140,8588,1816,394
1693069124,1799,3167,8573,1814,394
1693069424,1655,3166,8584,1811,394
1693069724,1785,3161,8584,1807,396
1693070024,2239,3140,8598,1804,395
1693070324,2501,3139,8586,1802,394
1693070624,1988,3142,8590,1800,395
1693070924,950,3145,8579,1798,387
1693071224,1312,3150,8621,1795,389
1693071524,669,3143,8590,1794,389
1693071824,1695,3147,8589,1792,387
1693072124,1199,3147,8590,1790,390
1693072424,1397,3141,8593,1789,390
1693072724,1144,3149,8587,1786,390
1693073024,799,3266,8583,1785,387
1693073324,607,3137,8581,1783,388
1693073624,549,3143,8605,1782,388
1693073924,332,3148,8583,1779,389
1693074224,201,3142,8598,1779,389
1693074524,164,3163,8584,1777,388
1693074824,113,3135,8577,1776,388
1693075124,54,3141,8592,1775,388
1693075424,27,3139,8587,1773,388
1693075724,15,3136,8590,1770,389
1693076024,10,3136,8600,1770,388
1693076324,9,3134,8600,1769,388
1693076624,10,3135,8598,1768,387
1693076924,8,3181,8595,1767,389
1693077224,8,3132,8548,1767,388
1693077524,8,3138,8593,1766,388
1693077824,9,3126,8578,1765,389
1693078124,8,3125,8589,1764,389
1693078424,8,3132,8586,1764,389
1693078724,8,3127,8605,1762,389
1693079024,8,3155,8602,1762,389
1693079324,8,3133,8601,1762,389
1693079624,7,3183,8592,1762,389
1693079924,8,3126,8616,1761,389
1693080224,8,3130,8606,1761,389
1693080524,8,3439,8601,1760,389
1693080824,8,3122,8610,1760,389
1693081124,9,3128,8604,1759,389
1693081424,7,3124,8550,1759,389
1693081724,9,3130,8616,1759,389
1693082024,8,3130,8605,1758,387
1693082324,8,3131,8599,1758,388
1693082624,7,3162,8591,1757,388
1693082924,8,3152,8597,1757,388
1693083224,7,3139,8611,1756,388
1693083524,8,3145,8599,1756,389
1693083824,8,3133,8596,1756,388
1693084124,8,3139,8591,1754,388
1693084424,8,3150,8610,1754,388
1693084724,8,3145,8589,1754,389
1693085024,8,3130,8604,1754,388
1693085324,8,3138,8605,1754,388
1693085624,8,3137,8577,1753,388
1693085924,7,3140,8570,1753,390
1693086224,8,3127,8610,1753,389
1693086524,7,3127,8606,1752,389
1693086824,8,3121,8588,1752,389
1693087124,9,3163,8566,1752,389
1693087424,9,3145,8603,1751,389
1693087724,7,3138,8603,1751,389
1693088024,8,3137,8603,1751,389
1693088324,9,3160,8582,1751,389
1693088624,9,3128,8582,1751,388
1693088924,8,3129,8610,1750,388
1693089224,8,3127,8577,1751,389
1693089524,8,3132,8582,1751,388
1693089824,8,3155,8600,1751,388
1693090124,8,3127,8577,1750,389
1693090424,8,3137,8578,1751,389
1693090724,8,3151,8589,1751,388
1693091024,8,3123,8587,1751,388
1693091324,7,3121,8583,1751,389
1693091624,9,3125,8587,1750,389
1693091924,8,3134,8594,1751,389
1693092224,8,3122,8587,1751,389
1693092524,8,3118,8590,1750,390
1693092824,8,3114,8605,1750,390
1693093124,8,3126,8577,1750,389
1693093424,8,3124,8591,1750,389
1693093724,8,3127,8583,1750,389
1693094024,9,3125,8599,1750,388
1693094324,8,3123,8590,1750,388
