If found, please contact tlang@live.unc.edu
Firmware updated: 2023/03/14
OpenOBS SN:305

time,ambient_light,backscatter,pressure,water_temp,battery
1696982624,11,4416,8404,1665,414
1696982924,11,4401,8401,1665,406
1696983224,11,4464,8401,1664,407
1696983524,11,4529,8404,1664,406
1696983824,12,4655,8402,1664,405
1696984124,11,4568,8399,1664,406
1696984424,11,4587,8402,1662,406
1696984724,12,4597,8403,1662,405
1696985024,12,4646,8399,1661,406
1696985324,12,4718,8394,1660,405
1696985624,12,4678,8400,1659,406
1696985924,11,4610,8395,1657,405
1696986224,11,4695,8400,1656,405
1696986524,12,4706,8398,1654,406
1696986824,11,4753,8395,1653,406
1696987124,12,4753,8396,1652,406
1696987424,11,4806,8396,1651,406
1696987724,11,4716,8399,1649,406
1696988024,11,4874,8398,1648,406
1696988324,12,4809,8390,1646,406
1696988624,11,4811,8392,1645,406
1696988924,11,4888,8392,1645,406
1696989224,13,4916,8401,1644,406
1696989524,11,4798,8392,1643,407
1696989824,12,4564,8392,1642,405
1696990124,11,4729,8393,1640,407
1696990424,12,4609,8396,1639,406
1696990724,12,4696,8397,1637,405
1696991024,11,4602,8392,1637,406
1696991324,11,4568,8394,1637,405
1696991624,11,4484,8394,1635,406
1696991924,12,4533,8390,1635,407
1696992224,12,4536,8394,1634,407
1696992524,12,4557,8396,1633,405
1696992824,11,4624,8396,1632,406
1696993124,13,4685,8392,1631,407
1696993424,11,4577,8393,1629,407
1696993724,11,4765,8396,1629,406
1696994024,11,4697,8390,1629,406
1696994324,12,4765,8392,1628,406
1696994624,11,4561,8395,1627,405
1696994924,11,4644,8387,1627,405
1696995224,11,4647,8390,1626,407
1696995524,12,4640,8392,1625,406
1696995824,11,4637,8389,1625,406
1696996124,11,4806,8395,1624,405
1696996424,12,4815,8394,1624,407
1696996724,11,4900,8393,1623,405
1696997024,11,4598,8392,1621,405
1696997324,12,4531,8390,1621,407
1696997624,11,4687,8395,1621,405
1696997924,11,4635,8388,1621,407
1696998224,11,4614,8392,1621,405
1696998524,11,4605,8392,1621,405
1696998824,11,4791,8390,1620,407
1696999124,11,4638,8393,1620,406
1696999424,11,4896,8393,1620,408
1696999724,12,4785,8392,1620,408
1697000024,12,4743,8392,1619,405
1697000324,12,4763,8389,1619,407
1697000624,11,4786,8396,1619,408
1697000924,11,4850,8392,1619,406
1697001224,11,4665,8394,1618,408
1697001524,11,4832,8396,1618,407
1697001824,12,4938,8396,1618,406
1697002124,12,4945,8394,1617,407
1697002424,11,4884,8398,1617,407
1697002724,11,4937,8397,1616,406
1697003024,14,4979,8400,1616,407
1697003324,20,4957,8402,1615,407
1697003624,37,5019,8405,1612,407
1697003924,78,4951,8397,1612,406
1697004224,133,5000,8399,1612,405
1697004524,206,5016,8398,1612,407
1697004824,295,5185,8399,1612,407
1697005124,426,5044,8399,1612,407
1697005424,555,5088,8397,1612,405
1697005724,615,5156,8401,1612,407
1697006024,808,5098,8404,1612,407
1697006324,783,5364,8401,1612,407
1697006624,1032,5174,8402,1615,405
1697006924,1125,5218,8402,1616,406
1697007224,1447,5274,8404,1617,406
1697007524,1227,5401,8405,1618,407
1697007824,1464,5261,8407,1620,405
1697008124,1501,5303,8408,1621,405
1697008424,1613,5308,8408,1624,406
1697008724,1780,5308,8405,1627,408
1697009024,2052,5282,8410,1629,405
1697009324,2036,5259,8403,1633,407
1697009624,1909,5352,8402,1637,408
1697009924,2280,5376,8411,1641,406
1697010224,2537,5393,8406,1645,406
1697010524,2886,5381,8406,1650,407
1697010824,4537,5383,8409,1654,406
1697011124,4884,5538,8415,1660,407
1697011424,4973,5488,8417,1666,407
1697011724,5294,5479,8415,1673,407
1697012024,5377,5636,8416,1679,406
1697012324,6298,5501,8410,1685,407
1697012624,6346,5569,8407,1692,408
1697012924,6773,5612,8404,1699,407
1697013224,8263,5477,8412,1706,407
1697013524,6810,5733,8407,1712,407
1697013824,7411,5750,8412,1720,408
1697014124,7216,5792,8407,1729,406
1697014424,7906,5730,8408,1737,408
1697014724,8463,5813,8420,1745,409
1697015024,8268,5889,8408,1753,407
1697015324,8822,5870,8409,1760,407
1697015624,10447,5916,8407,1769,408
1697015924,11510,5893,8403,1776,407
1697016224,10446,6191,8403,1784,407
1697016524,11287,6272,8406,1791,408
1697016824,10464,6280,8408,1798,408
1697017124,12406,5995,8403,1804,407
1697017424,14562,6148,8405,1812,407
1697017724,12010,6224,8408,1820,409
1697018024,12437,6059,8403,1829,408
1697018324,12700,6169,8405,1837,408
1697018624,12993,6260,8403,1845,408
1697018924,14223,6205,8404,1854,408
1697019224,14310,6281,8407,1861,409
1697019524,16202,6214,8399,1869,408
1697019824,14503,6243,8403,1876,408
1697020124,16883,6182,8401,1884,408
1697020424,15447,6179,8397,1891,407
1697020724,16212,6198,8405,1899,408
1697021024,19093,6142,8399,1906,409
1697021324,18426,6165,8397,1912,409
1697021624,17816,6262,8402,1920,408
1697021924,18070,5324,8397,1926,408
1697022224,18870,5307,8396,1932,409
1697022524,21325,5377,8395,1937,409
1697022824,20356,5595,8392,1945,408
1697023124,24366,5600,8384,1953,407
1697023424,22263,4902,8388,1960,409
1697023724,21199,5763,8396,1967,409
1697024024,26173,6084,8391,1973,409
1697024324,25525,4929,8392,1979,409
1697024624,25172,4757,8394,1987,410
1697024924,28938,4909,8390,1994,410
1697025224,30000,4756,8392,2002,409
1697025524,25043,5013,8388,2010,409
1697025824,29353,4847,8383,2016,408
1697026124,26044,4918,8388,2020,409
1697026424,25575,4834,8384,2025,409
1697026724,24104,4932,8392,2028,408
1697027024,30791,4931,8382,2029,409
1697027324,27793,4985,8383,2033,409
1697027624,30230,4974,8385,2036,410
1697027924,34621,5063,8385,2039,409
1697028224,33301,5171,8385,2042,410
1697028524,49533,5022,8386,2044,409
1697028824,49920,4922,8378,2045,409
1697029124,41284,5038,8377,2045,408
1697029424,38732,5082,8381,2046,408
1697029724,40119,5146,8383,2046,409
1697030024,50606,5217,8383,2048,409
1697030324,40624,5132,8375,2050,411
1697030624,47920,5426,8374,2051,409
1697030924,49096,5313,8374,2051,409
1697031224,50856,5287,8374,2051,409
1697031524,52310,5285,8373,2050,409
1697031824,19074,5395,8381,2050,409
1697032124,36031,5496,8372,2046,410
1697032424,49139,5490,8371,2045,409
1697032724,45728,5588,8372,2045,409
1697033024,45054,5560,8372,2045,409
1697033324,45021,5639,8372,2044,411
1697033624,46805,5940,8369,2040,411
1697033924,38779,5628,8374,2039,411
1697034224,8838,5196,8374,2040,411
1697034524,36697,5143,8368,2031,411
1697034824,34941,5211,8368,2026,410
1697035124,37198,5290,8374,2026,410
1697035424,28276,5289,8375,2025,410
1697035724,30813,5327,8370,2020,410
1697036024,31090,5219,8371,2015,410
1697036324,38332,5260,8367,2009,410
1697036624,26746,5340,8368,2004,410
1697036924,26425,5209,8377,1999,409
1697037224,22386,5072,8372,1993,411
1697037524,23026,5253,8371,1986,411
1697037824,18624,4802,8375,1979,411
1697038124,16114,4764,8375,1974,411
1697038424,17723,4758,8372,1968,411
1697038724,17605,5156,8372,1962,411
1697039024,13080,4922,8372,1957,411
1697039324,14530,4870,8375,1948,410
1697039624,14231,5266,8368,1940,408
1697039924,10461,4791,8367,1931,408
1697040224,12073,4673,8377,1923,410
1697040524,5937,4610,8377,1917,408
1697040824,3020,5765,8379,1909,412
1697041124,2901,4531,8382,1900,409
1697041424,3685,4631,8378,1892,410
1697041724,3477,4767,8376,1885,410
1697042024,2748,4646,8381,1878,408
1697042324,4896,4815,8381,1870,410
1697042624,4311,4568,8386,1865,411
1697042924,3231,4594,8385,1858,408
1697043224,2502,4470,8384,1851,409
1697043524,1921,4538,8380,1844,410
1697043824,1615,4456,8388,1839,411
1697044124,1105,4660,8380,1832,409
1697044424,715,4768,8386,1826,410
1697044724,710,4695,8384,1820,410
1697045024,492,4785,8387,1815,411
1697045324,325,4675,8384,1810,409
1697045624,208,4641,8387,1803,409
1697045924,142,4603,8382,1798,411
1697046224,76,4749,8385,1793,410
1697046524,39,4682,8382,1789,408
1697046824,22,4656,8393,1784,410
1697047124,14,4618,8392,1779,410
1697047424,13,4612,8392,1776,408
1697047724,13,4761,8394,1773,410
1697048024,13,4550,8394,1770,408
1697048324,12,4727,8393,1768,390
1697048624,13,4690,8387,1765,389
1697048924,12,4735,8394,1762,392
1697049224,12,4727,8386,1760,390
1697049524,13,4710,8387,1758,390
1697049824,12,4905,8397,1754,390
1697050124,12,4913,8397,1752,390
1697050424,13,5019,8390,1749,390
1697050724,12,4924,8400,1745,392
1697051024,12,4963,8396,1744,391
1697051324,11,4973,8397,1740,390
1697051624,13,4945,8400,1737,392
1697051924,12,4989,8400,1735,391
1697052224,12,5013,8404,1732,391
1697052524,12,4988,8396,1729,391
1697052824,12,5017,8399,1726,391
1697053124,12,5057,8401,1723,391
1697053424,12,5198,8401,1720,391
1697053724,12,5169,8403,1718,391
1697054024,12,5156,8399,1716,391
1697054324,12,5002,8395,1712,390
1697054624,11,5013,8395,1711,390
1697054924,12,5137,8405,1708,390
1697055224,12,5039,8404,1706,391
1697055524,13,4996,8401,1704,391
1697055824,12,4916,8405,1701,391
1697056124,12,4968,8397,1699,390
1697056424,12,4849,8405,1696,391
1697056724,13,4914,8409,1695,390
1697057024,12,4967,8406,1693,391
1697057324,12,5031,8404,1691,391
1697057624,11,5098,8407,1689,390
1697057924,12,4978,8404,1687,390
1697058224,12,5079,8407,1685,391
1697058524,11,5004,8400,1684,390
1697058824,10,5127,8408,1682,391
1697059124,12,5151,8408,1679,389
1697059424,11,4327,8405,1679,389
1697059724,12,4443,8408,1677,391
1697060024,12,4373,8411,1675,390
1697060324,12,4460,8408,1674,391
1697060624,12,4425,8402,1671,390
1697060924,11,4551,8412,1670,391
1697061224,11,4644,8411,1669,391
1697061524,12,4529,8409,1667,391
1697061824,12,4560,8414,1665,391
1697062124,13,4564,8406,1662,391
1697062424,12,4557,8409,1662,390
1697062724,11,4546,8407,1660,390
1697063024,11,4637,8410,1659,391
1697063324,12,4488,8401,1657,391
1697063624,13,4544,8413,1656,391
1697063924,12,4569,8408,1654,391
1697064224,11,4646,8407,1653,391
1697064524,12,4641,8406,1652,391
1697064824,11,4646,8411,1651,392
1697065124,12,4638,8406,1650,390
1697065424,12,4642,8409,1648,390
1697065724,11,4637,8405,1646,391
1697066024,11,4598,8403,1645,393
1697066324,11,4741,8407,1645,391
1697066624,13,4686,8406,1644,390
1697066924,11,4661,8408,1642,391
1697067224,11,4661,8401,1641,391
1697067524,11,4657,8407,1640,391
1697067824,11,4657,8407,1639,391
1697068124,11,4676,8408,1637,390
1697068424,11,4638,8406,1636,391
1697068724,11,4744,8407,1635,390
