If found, please contact tlang@live.unc.edu
Firmware updated: 2023/03/14
OpenOBS SN:305

time,ambient_light,backscatter,pressure,water_temp,battery
1696637024,11,4335,8459,1708,403
1696637324,11,4324,8457,1707,391
1696637624,12,4406,8455,1704,390
1696637924,12,4241,8458,1704,391
1696638224,11,4393,8453,1702,391
1696638524,11,4310,8454,1701,391
1696638824,11,4200,8450,1700,390
1696639124,11,4267,8452,1698,392
1696639424,11,4215,8453,1696,392
1696639724,11,4532,8456,1695,392
1696640024,12,4257,8460,1695,393
1696640324,12,4145,8453,1694,392
1696640624,12,4228,8452,1693,392
1696640924,11,4392,8452,1692,392
1696641224,11,4393,8450,1691,392
1696641524,11,4386,8452,1690,391
1696641824,10,4299,8452,1689,391
1696642124,12,4348,8450,1689,392
1696642424,11,4371,8449,1689,392
1696642724,11,4354,8455,1690,391
1696643024,12,4267,8450,1691,392
1696643324,11,4369,8448,1692,391
1696643624,12,4355,8449,1692,392
1696643924,12,4306,8452,1693,392
1696644224,11,4417,8448,1694,392
1696644524,11,4377,8448,1694,392
1696644824,11,4204,8444,1695,391
1696645124,11,4169,8441,1695,391
1696645424,11,4288,8450,1695,391
1696645724,12,4405,8439,1695,391
1696646024,11,4115,8446,1695,391
1696646324,11,4401,8445,1696,392
1696646624,11,4394,8442,1696,392
1696646924,11,4298,8447,1696,392
1696647224,12,4516,8447,1698,391
1696647524,10,4340,8444,1696,392
1696647824,10,4372,8444,1698,393
1696648124,11,4368,8439,1698,392
1696648424,11,4321,8442,1698,392
1696648724,11,4194,8433,1698,391
1696649024,11,4339,8439,1698,392
1696649324,11,4447,8447,1698,393
1696649624,11,4354,8440,1696,394
1696649924,11,4375,8442,1698,392
1696650224,11,4457,8443,1696,392
1696650524,11,4434,8442,1696,392
1696650824,11,4224,8440,1696,392
1696651124,12,4234,8444,1696,392
1696651424,10,4238,8441,1696,393
1696651724,12,4205,8441,1696,393
1696652024,12,4179,8444,1696,392
1696652324,11,4221,8444,1696,393
1696652624,11,4191,8442,1696,393
1696652924,11,4403,8436,1696,392
1696653224,11,4206,8443,1696,392
1696653524,12,4320,8448,1695,393
1696653824,11,4273,8444,1696,392
1696654124,12,4239,8445,1696,392
1696654424,11,4290,8440,1696,392
1696654724,11,4229,8445,1696,392
1696655024,11,4283,8443,1696,392
1696655324,12,4266,8443,1696,394
1696655624,11,3982,8440,1696,392
1696655924,11,4160,8444,1696,392
1696656224,11,4154,8443,1696,391
1696656524,11,3991,8444,1696,392
1696656824,11,3977,8437,1696,393
1696657124,12,4039,8445,1696,392
1696657424,15,4019,8445,1696,393
1696657724,21,4010,8446,1696,391
1696658024,40,3963,8440,1696,392
1696658324,74,4035,8445,1696,391
1696658624,125,4047,8442,1696,393
1696658924,172,4062,8451,1696,393
1696659224,272,3976,8450,1696,392
1696659524,373,3976,8448,1696,392
1696659824,506,4182,8447,1696,392
1696660124,723,4056,8448,1696,392
1696660424,810,4045,8445,1698,392
1696660724,684,3993,8449,1698,392
1696661024,605,4027,8449,1696,393
1696661324,624,4115,8448,1696,392
1696661624,738,4159,8454,1696,392
1696661924,741,4166,8449,1696,392
1696662224,768,4154,8452,1696,392
1696662524,825,4199,8454,1696,393
1696662824,913,4134,8449,1699,393
1696663124,987,4174,8456,1700,392
1696663424,950,4147,8454,1702,394
1696663724,1055,4251,8456,1704,391
1696664024,1134,4269,8453,1707,394
1696664324,1112,4291,8458,1709,391
1696664624,1516,4238,8460,1712,392
1696664924,3774,4241,8458,1715,393
1696665224,4730,4357,8460,1719,392
1696665524,6740,4083,8452,1724,392
1696665824,5798,4319,8457,1729,392
1696666124,6984,4204,8456,1735,392
1696666424,5344,4190,8460,1741,395
1696666724,4827,4203,8455,1746,395
1696667024,5543,4210,8457,1753,392
1696667324,7117,4299,8457,1760,392
1696667624,9149,4180,8455,1766,392
1696667924,8055,4251,8455,1770,394
1696668224,7315,4185,8454,1776,394
1696668524,6500,4221,8461,1782,394
1696668824,6152,4276,8461,1787,393
1696669124,9825,4226,8458,1795,394
1696669424,12566,4120,8454,1804,394
1696669724,12432,4191,8454,1815,394
1696670024,13110,4251,8451,1823,394
1696670324,4947,4165,8459,1831,394
1696670624,10434,4170,8455,1837,394
1696670924,4222,4200,8464,1842,393
1696671224,5207,4181,8454,1843,392
1696671524,9681,4117,8457,1845,392
1696671824,10083,4143,8456,1845,395
1696672124,8545,4344,8462,1842,394
1696672424,11118,4209,8451,1844,395
1696672724,5512,4254,8453,1846,394
1696673024,4747,4245,8454,1845,393
1696673324,4198,4318,8461,1843,394
1696673624,5872,4281,8458,1843,393
1696673924,6378,4193,8457,1845,394
1696674224,5920,4304,8454,1845,394
1696674524,3887,4322,8463,1845,395
1696674824,2433,4393,8456,1844,394
1696675124,2237,4277,8458,1842,395
1696675424,2000,4184,8456,1837,394
1696675724,2656,4242,8454,1836,395
1696676024,3543,4078,8459,1834,394
1696676324,5183,4191,8451,1833,394
1696676624,5365,4258,8455,1833,394
1696676924,8473,4233,8449,1836,394
1696677224,12078,4139,8452,1842,395
1696677524,16088,4221,8448,1848,394
1696677824,9703,4131,8454,1856,393
1696678124,6878,4139,8448,1859,395
1696678424,8158,4134,8451,1857,395
1696678724,9880,4129,8443,1857,396
1696679024,7512,4181,8448,1856,393
1696679324,7250,4189,8451,1854,394
1696679624,5972,4247,8450,1851,393
1696679924,5422,4288,8449,1846,394
1696680224,5548,4119,8449,1843,394
1696680524,4606,4178,8447,1839,394
1696680824,4317,4178,8451,1835,393
1696681124,4486,4060,8444,1832,393
1696681424,6055,4130,8447,1829,394
1696681724,5994,4323,8444,1829,393
1696682024,6297,4270,8446,1829,393
1696682324,9180,4312,8439,1832,395
1696682624,8493,4230,8442,1835,394
1696682924,9436,4233,8441,1839,394
1696683224,10534,4259,8441,1843,393
1696683524,7137,4274,8442,1845,396
1696683824,8930,4122,8435,1846,394
1696684124,28109,4197,8436,1852,395
1696684424,9209,4240,8444,1862,393
1696684724,13046,4297,8439,1870,396
1696685024,12208,4343,8438,1876,393
1696685324,38107,4347,8431,1884,396
1696685624,42289,4337,8435,1908,394
1696685924,37738,4300,8432,1935,393
1696686224,29851,4449,8429,1959,396
1696686524,21754,4450,8430,1979,395
1696686824,29256,4278,8427,1994,394
1696687124,10594,4365,8424,2000,395
1696687424,30279,4308,8425,1994,394
1696687724,42369,4290,8429,1989,395
1696688024,16548,4408,8429,1987,394
1696688324,12973,4234,8430,1987,394
1696688624,13440,4378,8431,1982,395
1696688924,25975,4335,8423,1976,394
1696689224,29226,4333,8425,1985,394
1696689524,9707,4434,8426,1994,395
1696689824,9993,4334,8431,1992,395
1696690124,11435,4384,8426,1987,395
1696690424,8528,4352,8427,1981,396
1696690724,7710,4388,8427,1975,395
1696691024,25088,4318,8426,1969,394
1696691324,14093,4352,8429,1964,395
1696691624,29446,4260,8422,1957,395
1696691924,8814,4418,8431,1949,395
1696692224,5306,4390,8432,1941,395
1696692524,4947,4409,8434,1931,395
1696692824,9610,4414,8430,1924,396
1696693124,6467,4453,8431,1916,395
1696693424,16850,4514,8423,1907,395
1696693724,18985,4420,8430,1901,395
1696694024,14688,4580,8431,1895,396
1696694324,3741,4400,8431,1887,395
1696694624,9222,4537,8430,1882,395
1696694924,4352,4422,8436,1876,395
1696695224,8946,4550,8437,1870,394
1696695524,3513,4430,8434,1866,395
1696695824,5659,4564,8431,1859,394
1696696124,4727,4632,8432,1854,395
1696696424,2813,4534,8438,1849,395
1696696724,6045,4477,8428,1844,396
1696697024,4454,4395,8432,1837,396
1696697324,1063,4562,8435,1831,395
1696697624,3064,4585,8436,1825,395
1696697924,1315,4483,8433,1819,394
1696698224,1183,4337,8436,1814,395
1696698524,790,4450,8425,1807,395
1696698824,599,4574,8433,1802,395
1696699124,504,4504,8435,1798,395
1696699424,373,4532,8437,1793,395
1696699724,277,4615,8434,1787,396
1696700024,202,4640,8439,1784,394
1696700324,149,4574,8435,1779,394
1696700624,91,4532,8433,1777,395
1696700924,54,4494,8439,1773,395
1696701224,31,4482,8435,1770,395
1696701524,18,4388,8438,1766,395
1696701824,13,4351,8440,1762,396
1696702124,12,4304,8438,1759,396
1696702424,12,4324,8436,1756,395
1696702724,12,4337,8436,1752,394
1696703024,11,4286,8440,1749,395
1696703324,12,4214,8440,1746,395
1696703624,11,4184,8439,1744,395
1696703924,12,4151,8438,1742,395
1696704224,12,4229,8440,1739,395
1696704524,12,4206,8437,1737,395
1696704824,11,4278,8437,1735,395
1696705124,11,4259,8442,1733,393
1696705424,12,4258,8440,1729,395
1696705724,11,4213,8441,1728,396
1696706024,12,4219,8443,1726,395
1696706324,11,4340,8443,1724,394
1696706624,11,4272,8444,1721,394
1696706924,12,4347,8439,1720,394
1696707224,12,4102,8444,1719,394
1696707524,11,4160,8448,1717,396
1696707824,12,4067,8445,1715,395
1696708124,11,4088,8446,1714,393
1696708424,11,4128,8448,1712,395
1696708724,11,4065,8449,1711,395
1696709024,11,4048,8445,1710,394
1696709324,11,4084,8450,1709,394
1696709624,11,4018,8447,1708,395
1696709924,12,4100,8449,1707,395
1696710224,11,4079,8449,1706,396
1696710524,12,4120,8449,1704,395
1696710824,12,4126,8444,1704,395
1696711124,11,4040,8449,1704,393
1696711424,11,3916,8446,1704,395
1696711724,11,4016,8450,1703,393
1696712024,11,3957,8449,1702,395
1696712324,12,3951,8444,1702,395
1696712624,11,3924,8448,1701,395
1696712924,11,3955,8446,1700,393
1696713224,12,3914,8452,1700,395
1696713524,11,3988,8449,1699,394
1696713824,11,3950,8447,1698,394
1696714124,12,4002,8443,1698,394
1696714424,12,3997,8449,1696,394
1696714724,12,3978,8444,1695,395
1696715024,11,3935,8452,1695,394
1696715324,11,4013,8450,1695,397
1696715624,12,3901,8450,1694,394
1696715924,11,4015,8455,1694,395
1696716224,11,3952,8451,1693,395
1696716524,10,4086,8447,1692,395
1696716824,11,3952,8448,1693,396
1696717124,12,3894,8446,1693,394
1696717424,10,3983,8448,1694,395
1696717724,11,3908,8447,1695,394
1696718024,12,3828,8441,1695,394
1696718324,10,3973,8443,1696,395
1696718624,11,3895,8445,1698,396
1696718924,12,3975,8441,1699,396
1696719224,11,4118,8445,1699,394
1696719524,12,4109,8442,1699,395
1696719824,11,4055,8444,1699,395
1696720124,11,4075,8441,1699,395
1696720424,11,4085,8449,1699,395
1696720724,12,4071,8443,1699,395
1696721024,12,4137,8443,1699,395
1696721324,11,4044,8443,1698,396
1696721624,11,4058,8444,1698,396
1696721924,11,4091,8444,1696,395
1696722224,11,4138,8438,1695,395
1696722524,11,4050,8443,1695,395
1696722824,12,4042,8440,1695,395
1696723124,12,4048,8444,1694,395
