If found, please contact tlang@live.unc.edu
Firmware updated: 2023/03/14
OpenOBS SN:305

time,ambient_light,backscatter,pressure,water_temp,battery
1695081824,9,57012,8422,1762,410
1695082124,9,56992,8420,1762,400
1695082424,11,56542,8421,1762,400
1695082724,10,56440,8420,1762,400
1695083024,9,56416,8423,1762,400
1695083324,11,56335,8422,1762,400
1695083624,10,56304,8422,1762,400
1695083924,9,56170,8420,1762,400
1695084224,10,56136,8420,1762,401
1695084524,10,56124,8423,1762,401
1695084824,10,56102,8421,1762,401
1695085124,10,56077,8415,1762,402
1695085424,10,56062,8421,1762,401
1695085724,10,56084,8421,1761,401
1695086024,9,56078,8420,1760,401
1695086324,9,56115,8416,1759,401
1695086624,10,56130,8419,1758,401
1695086924,10,56113,8420,1756,401
1695087224,9,56111,8418,1754,401
1695087524,11,56140,8412,1753,402
1695087824,10,56195,8412,1752,400
1695088124,9,56128,8410,1750,402
1695088424,9,56134,8412,1749,401
1695088724,9,56149,8413,1746,401
1695089024,9,56156,8412,1745,403
1695089324,10,56175,8408,1744,400
1695089624,10,56082,8414,1742,401
1695089924,10,56100,8413,1741,400
1695090224,9,56113,8410,1739,400
1695090524,10,56085,8407,1737,400
1695090824,9,56072,8408,1737,401
1695091124,10,56044,8407,1735,401
1695091424,9,56067,8407,1734,401
1695091724,10,56082,8415,1733,401
1695092024,10,56081,8412,1732,401
1695092324,10,55945,8406,1729,401
1695092624,9,55941,8411,1729,401
1695092924,9,55946,8406,1727,401
1695093224,9,55914,8407,1726,401
1695093524,10,55932,8409,1725,401
1695093824,10,55960,8407,1724,400
1695094124,9,55963,8410,1724,400
1695094424,10,55965,8410,1723,401
1695094724,10,55985,8407,1721,400
1695095024,9,55991,8408,1720,400
1695095324,10,56038,8407,1720,401
1695095624,10,55977,8410,1719,399
1695095924,9,56020,8407,1718,400
1695096224,9,56045,8408,1717,400
1695096524,10,56028,8408,1716,400
1695096824,9,56020,8408,1716,399
1695097124,10,56009,8408,1715,399
1695097424,8,56002,8405,1715,401
1695097724,10,56005,8409,1714,399
1695098024,9,56053,8410,1714,401
1695098324,9,56053,8410,1712,399
1695098624,9,56073,8406,1712,400
1695098924,10,56067,8406,1712,400
1695099224,10,56109,8406,1712,400
1695099524,9,56094,8411,1712,401
1695099824,9,56125,8408,1712,401
1695100124,10,56186,8407,1712,401
1695100424,9,56131,8407,1712,401
1695100724,10,56085,8410,1712,400
1695101024,9,56116,8413,1711,400
1695101324,9,56199,8407,1711,400
1695101624,9,56103,8409,1711,401
1695101924,8,56152,8407,1711,402
1695102224,10,56154,8409,1712,400
1695102524,11,56140,8410,1712,401
1695102824,13,56148,8415,1712,400
1695103124,14,56128,8404,1714,401
1695103424,16,56145,8411,1714,400
1695103724,18,56183,8409,1715,401
1695104024,22,56154,8406,1716,402
1695104324,25,56156,8409,1716,401
1695104624,26,56160,8409,1717,402
1695104924,29,56178,8408,1718,402
1695105224,31,56189,8415,1719,402
1695105524,31,56207,8411,1720,401
1695105824,30,56180,8408,1721,402
1695106124,33,56187,8410,1724,401
1695106424,31,56223,8409,1725,401
1695106724,28,56262,8411,1727,402
1695107024,28,56223,8411,1731,402
1695107324,32,56202,8413,1734,401
1695107624,34,56221,8413,1737,401
1695107924,48,56211,8415,1742,401
1695108224,39,56238,8408,1748,402
1695108524,29,56189,8409,1752,401
1695108824,30,56333,8408,1756,402
1695109124,36,56253,8411,1762,400
1695109424,43,56292,8410,1769,401
1695109724,77,56322,8415,1778,402
1695110024,96,56302,8413,1787,401
1695110324,119,56237,8406,1795,401
1695110624,116,56254,8410,1804,401
1695110924,133,56331,8411,1814,403
1695111224,129,56350,8414,1821,402
1695111524,134,56315,8415,1831,401
1695111824,103,56284,8409,1839,402
1695112124,160,56280,8411,1848,402
1695112424,173,56258,8413,1860,403
1695112724,172,56268,8414,1870,402
1695113024,166,56331,8411,1881,402
1695113324,191,56258,8411,1892,402
1695113624,191,56340,8416,1903,402
1695113924,203,56247,8413,1915,402
1695114224,199,56277,8411,1926,402
1695114524,223,56236,8417,1937,402
1695114824,239,56313,8413,1950,402
1695115124,254,56256,8412,1964,402
1695115424,225,56289,8409,1970,405
1695115724,265,56402,8408,1974,403
1695116024,197,56501,8416,1990,402
1695116324,237,56372,8406,2004,402
1695116624,196,56336,8412,2016,403
1695116924,260,56301,8409,2020,404
1695117224,306,56405,8409,2027,402
1695117524,283,56391,8409,2036,402
1695117824,81,56335,8415,2046,402
1695118124,270,56359,8410,2052,403
1695118424,310,56416,8411,2057,403
1695118724,287,56393,8407,2069,403
1695119024,327,56435,8409,2086,403
1695119324,301,56377,8405,2103,403
1695119624,348,56404,8404,2118,403
1695119924,368,56361,8409,2129,403
1695120224,337,56414,8399,2135,403
1695120524,382,56435,8414,2142,403
1695120824,383,56357,8417,2148,403
1695121124,428,56422,8411,2150,403
1695121424,430,56484,8407,2158,404
1695121724,424,56352,8407,2167,403
1695122024,404,56541,8407,2178,403
1695122324,428,56426,8399,2188,403
1695122624,396,56420,8393,2198,403
1695122924,410,56403,8416,2209,403
1695123224,404,56372,8411,2215,403
1695123524,433,56431,8413,2222,403
1695123824,475,56410,8402,2228,404
1695124124,477,56408,8399,2237,405
1695124424,561,56425,8399,2247,404
1695124724,489,56460,8400,2257,403
1695125024,537,56490,8397,2265,405
1695125324,511,56493,8399,2274,403
1695125624,538,56447,8389,2281,403
1695125924,564,56635,8401,2289,403
1695126224,197,56652,8403,2290,403
1695126524,506,56496,8399,2295,405
1695126824,619,56584,8396,2287,403
1695127124,345,56639,8396,2271,403
1695127424,152,56572,8403,2244,406
1695127724,811,56645,8385,2216,405
1695128024,640,56601,8388,2211,403
1695128324,684,56575,8390,2201,405
1695128624,524,56646,8394,2195,404
1695128924,54,56698,8409,2169,404
1695129224,48,56699,8409,2139,404
1695129524,47,56776,8406,2110,405
1695129824,54,56833,8409,2088,405
1695130124,69,56865,8401,2071,404
1695130424,80,56923,8402,2062,404
1695130724,80,56941,8400,2055,406
1695131024,64,56915,8404,2048,403
1695131324,70,56978,8398,2040,404
1695131624,69,56994,8398,2033,404
1695131924,77,56965,8395,2026,404
1695132224,84,57003,8398,2019,404
1695132524,95,57037,8400,2012,404
1695132824,121,57071,8400,2008,403
1695133124,185,57120,8398,2003,404
1695133424,157,57123,8394,2006,402
1695133724,191,57080,8399,2008,403
1695134024,606,57057,8388,2019,403
1695134324,138,57152,8393,2034,403
1695134624,101,57094,8392,2036,403
1695134924,113,57127,8394,2033,402
1695135224,113,57161,8396,2025,404
1695135524,88,57188,8393,2016,404
1695135824,107,57204,8397,2010,405
1695136124,55,57232,8391,2004,405
1695136424,50,57192,8400,1998,405
1695136724,50,57169,8397,1989,405
1695137024,52,57267,8392,1981,405
1695137324,62,57265,8394,1975,405
1695137624,62,57294,8390,1969,405
1695137924,71,57300,8385,1964,405
1695138224,78,57300,8388,1961,404
1695138524,78,57302,8390,1958,405
1695138824,79,57331,8394,1954,404
1695139124,58,57309,8394,1953,405
1695139424,53,57288,8391,1950,405
1695139724,66,57336,8393,1946,405
1695140024,60,57279,8395,1944,403
1695140324,67,57258,8390,1942,403
1695140624,51,57295,8394,1939,403
1695140924,53,57347,8398,1936,406
1695141224,52,57324,8394,1934,403
1695141524,51,57412,8396,1931,403
1695141824,34,57389,8398,1927,403
1695142124,28,57363,8398,1923,403
1695142424,22,57395,8396,1919,404
1695142724,18,57395,8400,1914,404
1695143024,17,57421,8397,1910,404
1695143324,18,57425,8394,1904,403
1695143624,19,57433,8403,1901,404
1695143924,17,57494,8398,1898,403
1695144224,15,57444,8402,1894,404
1695144524,13,57450,8402,1890,404
1695144824,12,57485,8404,1887,404
1695145124,11,57440,8408,1884,404
1695145424,12,57434,8403,1881,404
1695145724,12,57495,8403,1877,403
1695146024,11,57491,8403,1874,405
1695146324,12,57474,8404,1871,403
1695146624,11,57502,8397,1869,404
1695146924,11,57510,8397,1866,404
1695147224,11,57486,8401,1864,403
1695147524,11,57521,8404,1862,404
1695147824,10,57544,8405,1859,403
1695148124,10,57517,8406,1857,404
1695148424,11,57535,8410,1854,404
1695148724,11,57532,8406,1853,404
1695149024,10,57533,8409,1851,404
1695149324,10,57479,8404,1849,403
1695149624,10,57500,8410,1845,403
1695149924,11,57540,8413,1844,403
1695150224,10,57503,8410,1842,403
1695150524,10,57559,8407,1841,403
1695150824,11,57541,8410,1839,404
1695151124,10,57557,8411,1837,403
1695151424,10,57531,8413,1836,406
1695151724,11,57595,8417,1835,404
1695152024,10,57540,8416,1833,404
1695152324,11,57545,8417,1831,404
1695152624,10,57524,8412,1829,404
1695152924,11,57528,8417,1829,404
1695153224,11,57573,8417,1827,403
1695153524,10,57536,8416,1826,403
1695153824,10,57557,8420,1825,404
1695154124,10,57546,8415,1824,404
1695154424,10,57551,8418,1821,404
1695154724,10,57531,8420,1820,405
1695155024,11,57554,8421,1820,403
1695155324,10,57565,8425,1819,405
1695155624,10,57526,8423,1818,404
1695155924,11,57542,8423,1816,404
1695156224,9,57571,8427,1815,404
1695156524,10,57537,8422,1814,404
1695156824,11,57533,8432,1812,404
1695157124,10,57533,8426,1812,404
1695157424,10,57564,8426,1810,404
1695157724,10,57563,8433,1809,404
1695158024,10,54755,8430,1808,404
1695158324,11,54751,8430,1807,403
1695158624,9,54821,8429,1807,404
1695158924,11,54764,8431,1806,405
1695159224,9,54720,8431,1806,404
1695159524,11,54726,8429,1804,405
1695159824,10,54782,8427,1804,404
1695160124,11,54727,8427,1804,403
1695160424,11,54696,8431,1803,405
1695160724,11,54790,8429,1803,403
1695161024,12,54779,8432,1802,405
1695161324,9,54744,8432,1802,405
1695161624,11,54692,8432,1801,404
1695161924,10,54763,8429,1801,405
1695162224,11,54658,8432,1800,404
1695162524,10,54680,8425,1799,403
1695162824,10,54729,8431,1799,404
1695163124,10,54682,8423,1798,405
1695163424,10,54631,8431,1798,404
1695163724,10,54642,8428,1796,404
1695164024,10,54679,8429,1796,403
1695164324,10,54529,8428,1796,403
1695164624,9,54584,8427,1795,403
1695164924,10,54517,8426,1795,403
1695165224,9,54531,8429,1795,403
1695165524,9,42459,8429,1794,404
1695165824,10,42475,8425,1794,404
1695166124,9,42458,8429,1793,405
1695166424,10,42499,8422,1793,404
1695166724,10,42521,8428,1792,404
1695167024,9,42429,8421,1792,404
1695167324,10,42559,8425,1791,404
1695167624,10,42477,8424,1791,404
1695167924,10,42214,8422,1790,404
