If found, please contact tlang@live.unc.edu
Firmware updated: 2023/03/14
OpenOBS SN:305

time,ambient_light,backscatter,pressure,water_temp,battery
1696291424,12,9966,8466,1779,412
1696291724,11,10276,8465,1779,403
1696292024,11,9890,8465,1779,402
1696292324,11,9914,8472,1778,403
1696292624,11,9953,8462,1777,403
1696292924,11,9895,8464,1777,402
1696293224,11,10339,8463,1776,403
1696293524,11,9762,8465,1776,402
1696293824,12,9759,8464,1775,403
1696294124,11,9772,8465,1775,403
1696294424,12,9706,8465,1775,402
1696294724,12,9892,8467,1776,402
1696295024,12,10049,8467,1775,402
1696295324,13,9799,8466,1774,404
1696295624,12,9939,8461,1773,403
1696295924,11,9741,8459,1771,403
1696296224,12,9997,8460,1770,404
1696296524,11,9836,8463,1770,404
1696296824,11,9808,8466,1769,403
1696297124,12,9774,8464,1768,404
1696297424,11,9954,8462,1767,404
1696297724,13,10423,8464,1766,403
1696298024,12,10357,8465,1765,403
1696298324,11,9987,8463,1764,403
1696298624,11,9952,8461,1762,403
1696298924,12,9848,8462,1762,403
1696299224,11,9771,8463,1762,402
1696299524,11,10055,8461,1761,403
1696299824,10,9805,8459,1760,403
1696300124,10,10230,8455,1760,402
1696300424,11,9810,8459,1760,402
1696300724,11,10267,8454,1759,403
1696301024,11,10120,8449,1759,403
1696301324,12,9798,8453,1758,403
1696301624,11,9769,8452,1759,403
1696301924,11,9802,8446,1758,402
1696302224,11,9918,8449,1758,402
1696302524,12,10223,8450,1758,403
1696302824,12,10074,8446,1757,403
1696303124,11,9822,8445,1757,403
1696303424,12,9834,8446,1756,402
1696303724,11,9842,8438,1756,403
1696304024,12,10122,8445,1754,403
1696304324,12,10121,8448,1754,404
1696304624,11,9847,8443,1753,403
1696304924,11,10149,8442,1751,403
1696305224,12,10050,8442,1750,404
1696305524,10,10210,8440,1748,403
1696305824,11,10184,8439,1746,404
1696306124,12,10321,8437,1745,402
1696306424,11,10202,8436,1744,402
1696306724,11,9900,8434,1742,403
1696307024,11,10147,8441,1741,405
1696307324,12,9924,8438,1739,402
1696307624,11,9924,8435,1737,403
1696307924,12,10214,8436,1735,403
1696308224,11,10291,8437,1733,403
1696308524,11,10120,8437,1732,403
1696308824,11,9977,8439,1729,403
1696309124,10,10565,8436,1729,403
1696309424,11,9976,8438,1727,403
1696309724,11,10437,8447,1725,403
1696310024,11,9985,8439,1724,402
1696310324,10,10101,8443,1723,402
1696310624,11,10170,8441,1721,402
1696310924,11,10130,8435,1720,404
1696311224,11,10189,8441,1720,404
1696311524,12,10142,8439,1720,403
1696311824,15,10213,8438,1720,404
1696312124,26,10104,8440,1720,403
1696312424,49,10117,8437,1720,403
1696312724,95,10270,8437,1720,403
1696313024,156,10274,8441,1720,402
1696313324,217,10186,8441,1721,403
1696313624,230,10239,8439,1721,403
1696313924,247,10341,8442,1723,404
1696314224,303,10294,8442,1723,403
1696314524,372,10315,8443,1724,403
1696314824,473,10361,8441,1725,403
1696315124,602,10339,8437,1725,404
1696315424,715,10449,8439,1726,404
1696315724,780,10412,8440,1728,403
1696316024,733,10423,8443,1729,404
1696316324,644,10421,8448,1731,403
1696316624,589,10467,8445,1732,403
1696316924,720,10480,8440,1733,404
1696317224,782,10446,8442,1734,404
1696317524,874,10570,8446,1736,403
1696317824,947,10506,8447,1736,403
1696318124,960,10673,8444,1737,405
1696318424,1042,10676,8452,1739,402
1696318724,1353,10707,8450,1741,404
1696319024,1660,10661,8449,1743,403
1696319324,1951,10781,8451,1745,404
1696319624,2172,10698,8451,1746,405
1696319924,2304,10785,8452,1749,405
1696320224,2273,11292,8451,1752,405
1696320524,2766,13208,8459,1753,405
1696320824,3415,11399,8459,1756,405
1696321124,4684,10861,8452,1759,405
1696321424,5068,10702,8453,1762,403
1696321724,4699,10757,8452,1767,404
1696322024,4229,10930,8455,1770,404
1696322324,4296,10967,8449,1774,403
1696322624,4935,10817,8449,1777,405
1696322924,6242,10777,8451,1781,405
1696323224,7843,10783,8448,1786,403
1696323524,4817,10594,8451,1791,405
1696323824,5317,9652,8451,1795,405
1696324124,6420,9651,8445,1798,405
1696324424,6383,9709,8451,1802,405
1696324724,5793,9480,8453,1806,403
1696325024,7280,9504,8453,1810,403
1696325324,10859,9835,8440,1815,403
1696325624,12894,9467,8436,1820,406
1696325924,10366,9876,8449,1829,403
1696326224,9735,9792,8442,1835,406
1696326524,9204,9933,8442,1839,405
1696326824,8939,9709,8449,1843,405
1696327124,10092,9940,8448,1845,405
1696327424,12401,9789,8442,1851,404
1696327724,10705,9762,8438,1858,405
1696328024,14911,10147,8441,1862,404
1696328324,17401,9775,8433,1874,405
1696328624,11265,10006,8443,1884,405
1696328924,9744,9819,8440,1890,405
1696329224,7135,10125,8441,1894,405
1696329524,5029,10003,8442,1892,405
1696329824,4628,10151,8445,1891,406
1696330124,4507,10074,8439,1890,406
1696330424,6261,10106,8436,1890,405
1696330724,6838,10471,8443,1890,406
1696331024,5025,10261,8434,1890,405
1696331324,3178,10312,8434,1889,406
1696331624,2692,10275,8437,1885,406
1696331924,1849,10246,8437,1881,406
1696332224,1696,10353,8439,1877,406
1696332524,2237,10403,8434,1873,406
1696332824,1762,10497,8433,1870,405
1696333124,7203,10425,8427,1867,406
1696333424,8111,10481,8436,1868,405
1696333724,11529,10603,8430,1873,405
1696334024,14391,10648,8427,1879,405
1696334324,28091,10933,8403,1886,404
1696334624,8396,10757,8428,1894,405
1696334924,6828,10653,8426,1895,406
1696335224,8588,10809,8430,1895,404
1696335524,9461,10718,8425,1899,406
1696335824,12148,10527,8414,1904,405
1696336124,8045,10543,8422,1908,406
1696336424,6886,10521,8420,1910,405
1696336724,2329,10698,8427,1910,406
1696337024,1436,10690,8426,1906,406
1696337324,1279,10587,8428,1902,405
1696337624,1717,10811,8427,1898,405
1696337924,2042,10911,8426,1894,406
1696338224,1473,10897,8435,1891,405
1696338524,13,16261,8498,1891,405
1696338824,12,17113,8512,1908,405
1696339124,13,18246,8523,1929,405
1696339424,12,18692,8567,1935,405
1696339724,13,16330,8560,1919,404
1696340024,13,14835,8571,1909,405
1696340324,12,13922,8602,1895,406
1696340624,12,14680,8599,1895,405
1696340924,13,15790,8642,1900,407
1696341224,13,16798,8677,1903,406
1696341524,13,17970,8677,1908,405
1696341824,13,16670,8755,1912,405
1696342124,13,14979,8761,1915,405
1696342424,14,14947,8782,1912,404
1696342724,12,15043,8391,1910,404
1696343024,12,15558,8833,1907,405
1696343324,13,16252,8785,1906,406
1696343624,13,17326,8709,1904,406
1696343924,12,17359,8712,1901,405
1696344224,13,17301,8745,1898,406
1696344524,13,16803,8817,1895,406
1696344824,12,16769,8718,1893,406
1696345124,12,17163,8735,1891,406
1696345424,13,15722,8687,1890,406
1696345724,11,14785,8658,1889,405
1696346024,13,13931,8740,1887,405
1696346324,12,13238,8826,1887,405
1696346624,11,13024,8707,1889,404
1696346924,13,11583,8692,1889,404
1696347224,12,10967,8729,1887,406
1696347524,12,10465,8775,1886,405
1696347824,12,9823,8758,1883,405
1696348124,13,9439,8724,1879,406
1696348424,13,9046,8665,1876,407
1696348724,12,8652,8700,1873,407
1696349024,13,8163,8652,1870,405
1696349324,14,8386,8681,1867,404
1696349624,11,7594,8653,1864,407
1696349924,11,7416,8667,1862,406
1696350224,12,7406,8638,1859,407
1696350524,12,7377,8647,1856,405
1696350824,11,7176,8644,1854,406
1696351124,12,7283,8647,1852,406
1696351424,12,7103,8658,1850,406
1696351724,13,7100,8648,1848,406
1696352024,12,6877,8650,1845,406
1696352324,12,7293,8653,1845,405
1696352624,12,7002,8665,1844,406
1696352924,12,8050,8643,1843,406
1696353224,12,6230,8644,1842,405
1696353524,11,6230,8648,1840,405
1696353824,12,6108,8656,1837,406
1696354124,12,9665,8655,1837,406
1696354424,12,6290,8681,1835,405
1696354724,12,8162,8681,1834,405
1696355024,13,6867,8673,1833,407
1696355324,12,7564,8732,1833,405
1696355624,13,7295,8673,1831,407
1696355924,12,8740,8687,1829,406
1696356224,12,11980,8699,1829,404
1696356524,11,7145,8667,1831,405
1696356824,12,7034,8702,1831,407
1696357124,12,12015,8723,1832,405
1696357424,12,7662,8700,1833,404
1696357724,12,7897,8711,1831,404
1696358024,11,8209,8686,1829,404
1696358324,12,6957,8699,1829,406
1696358624,12,9522,8749,1829,405
1696358924,12,7433,8734,1828,407
1696359224,12,8834,8646,1828,407
1696359524,11,8313,8708,1827,405
1696359824,12,8265,8632,1826,406
1696360124,11,9317,8699,1826,407
1696360424,12,9550,8742,1826,406
1696360724,13,10017,8685,1825,406
1696361024,13,9068,8714,1824,404
1696361324,11,9186,8677,1823,407
1696361624,12,7894,8684,1820,406
1696361924,13,7320,8687,1820,404
1696362224,12,8377,8681,1818,404
1696362524,12,6335,8649,1816,407
1696362824,12,8382,8687,1815,404
1696363124,12,7823,8705,1814,406
1696363424,13,6114,8683,1812,404
1696363724,11,7790,8696,1814,404
1696364024,12,7629,8712,1812,406
1696364324,12,7524,8694,1812,406
1696364624,12,6836,8697,1811,406
1696364924,11,10078,8700,1810,406
1696365224,12,7784,8719,1810,406
1696365524,12,13016,8702,1808,405
1696365824,12,8830,8731,1807,406
1696366124,11,8136,8695,1807,406
1696366424,13,9632,8728,1804,406
1696366724,11,7938,8677,1804,406
1696367024,12,8279,8687,1804,406
1696367324,12,7792,8703,1803,406
1696367624,12,9267,8713,1803,406
1696367924,12,8816,8695,1801,406
1696368224,12,8139,8667,1800,406
1696368524,12,8103,8716,1800,406
1696368824,11,8498,8718,1799,406
1696369124,12,7871,8683,1798,406
1696369424,12,10187,8693,1796,406
1696369724,12,6505,8699,1796,406
1696370024,12,6742,8695,1798,407
1696370324,12,8185,8718,1800,406
1696370624,12,8346,8724,1801,405
1696370924,12,7671,8659,1801,405
1696371224,11,7333,8712,1802,405
1696371524,12,7697,8706,1803,407
1696371824,11,8048,8728,1802,405
1696372124,12,8428,8740,1800,405
1696372424,12,8979,8712,1800,405
1696372724,12,5929,8701,1798,406
1696373024,12,12052,8699,1796,405
1696373324,12,13628,8724,1795,405
1696373624,12,10881,8691,1795,406
1696373924,12,11907,8676,1794,407
1696374224,11,8990,8716,1794,406
1696374524,13,10040,8639,1794,407
1696374824,11,9222,8732,1794,405
1696375124,12,13518,8696,1795,407
1696375424,11,9149,8689,1795,406
1696375724,11,11904,8686,1795,405
1696376024,12,9572,8684,1795,405
1696376324,11,9115,8689,1794,406
1696376624,12,9273,8687,1792,406
1696376924,12,9598,8676,1790,405
1696377224,11,11187,8703,1789,406
1696377524,12,12040,8734,1787,405
