If found, please contact tlang@live.unc.edu
Firmware updated: 2023/03/14
OpenOBS SN:305

time,ambient_light,backscatter,pressure,water_temp,battery
1697501024,11,9424,8376,1595,412
1697501324,11,9429,8379,1595,403
1697501624,12,9321,8380,1596,405
1697501924,12,9283,8380,1596,404
1697502224,12,9420,8383,1596,403
1697502524,11,9461,8385,1596,402
1697502824,11,9437,8381,1597,403
1697503124,12,9597,8382,1598,403
1697503424,12,9344,8382,1599,403
1697503724,12,9307,8380,1600,403
1697504024,12,9188,8380,1601,403
1697504324,11,9143,8377,1602,403
1697504624,13,9359,8379,1603,403
1697504924,12,9307,8377,1604,403
1697505224,12,9465,8377,1604,403
1697505524,11,9458,8379,1604,403
1697505824,12,9542,8378,1604,403
1697506124,12,9480,8377,1606,403
1697506424,11,9162,8376,1606,403
1697506724,12,9221,8376,1606,404
1697507024,11,9146,8379,1606,403
1697507324,12,9303,8372,1607,404
1697507624,12,9478,8379,1607,403
1697507924,11,9167,8376,1607,404
1697508224,11,7275,8379,1607,404
1697508524,12,7305,8376,1608,403
1697508824,12,7460,8384,1609,403
1697509124,11,7532,8377,1609,403
1697509424,11,7594,8375,1610,403
1697509724,11,7454,8381,1610,403
1697510024,12,7568,8381,1610,404
1697510324,12,7756,8385,1611,403
1697510624,11,7594,8386,1611,404
1697510924,12,7853,8392,1610,404
1697511224,12,7737,8390,1608,403
1697511524,10,7754,8393,1604,404
1697511824,12,7631,8390,1601,404
1697512124,11,7775,8392,1599,405
1697512424,11,7919,8399,1595,405
1697512724,11,7903,8394,1592,403
1697513024,11,8117,8393,1588,404
1697513324,11,7912,8392,1584,405
1697513624,11,8071,8388,1581,402
1697513924,11,8235,8379,1578,405
1697514224,11,8133,8382,1573,405
1697514524,11,7953,8390,1569,404
1697514824,11,8428,8387,1564,454
1697515124,11,8268,8395,1563,404
1697515424,13,8393,8398,1563,404
1697515724,11,8414,8400,1562,404
1697516024,12,8021,8408,1562,404
1697516324,12,7937,8404,1560,455
1697516624,12,7921,8405,1559,404
1697516924,11,8102,8408,1559,453
1697517224,11,8003,8405,1560,404
1697517524,11,7936,8402,1558,453
1697517824,11,8441,8403,1558,453
1697518124,12,8390,8410,1558,403
1697518424,12,8612,8405,1557,453
1697518724,11,8370,8402,1558,403
1697519024,11,8418,8402,1557,454
1697519324,11,8321,8404,1558,403
1697519624,12,8368,8401,1557,454
1697519924,11,8328,8403,1557,453
1697520224,12,8582,8402,1558,453
1697520524,11,8224,8397,1558,455
1697520824,11,8399,8406,1559,404
1697521124,11,8413,8401,1558,453
1697521424,12,8183,8403,1558,402
1697521724,12,8535,8391,1556,453
1697522024,17,8588,8397,1555,453
1697522324,25,8843,8401,1556,403
1697522624,38,8887,8397,1555,453
1697522924,58,8748,8396,1554,453
1697523224,79,9001,8399,1554,404
1697523524,124,8644,8393,1554,404
1697523824,174,8596,8397,1554,402
1697524124,251,9195,8397,1554,404
1697524424,309,8671,8383,1553,452
1697524724,321,9260,8398,1552,404
1697525024,439,8748,8395,1551,404
1697525324,357,9637,8397,1550,455
1697525624,491,8835,8398,1551,403
1697525924,524,8915,8389,1550,453
1697526224,618,8768,8395,1551,454
1697526524,542,9329,8402,1551,405
1697526824,510,9180,8395,1552,403
1697527124,483,9530,8397,1553,402
1697527424,588,9234,8394,1554,452
1697527724,676,9291,8398,1557,405
1697528024,706,9650,8397,1558,453
1697528324,653,9927,8396,1562,453
1697528624,716,10036,8397,1566,403
1697528924,785,9742,8398,1571,403
1697529224,1371,9650,8402,1575,404
1697529524,1892,9508,8400,1580,403
1697529824,2291,9752,8401,1585,403
1697530124,2329,9492,8406,1592,404
1697530424,2916,8673,8405,1598,404
1697530724,2664,8880,8407,1604,404
1697531024,3139,8755,8405,1611,404
1697531324,3278,8498,8402,1618,403
1697531624,3285,8696,8404,1626,404
1697531924,2974,8599,8402,1634,405
1697532224,4092,8398,8396,1642,405
1697532524,3542,8616,8410,1651,405
1697532824,4636,5479,8399,1659,403
1697533124,4304,5821,8403,1669,405
1697533424,4751,5950,8399,1678,404
1697533724,4255,6012,8399,1686,405
1697534024,5116,5684,8399,1695,406
1697534324,5329,5855,8401,1704,406
1697534624,5402,5718,8406,1714,405
1697534924,5243,6054,8405,1723,405
1697535224,4409,6267,8402,1733,405
1697535524,5739,5970,8403,1742,405
1697535824,5860,6297,8403,1750,406
1697536124,5199,6336,8397,1759,406
1697536424,5798,6140,8397,1768,404
1697536724,6810,6179,8401,1776,406
1697537024,6433,5948,8394,1784,406
1697537324,6637,6166,8396,1792,406
1697537624,6240,6390,8395,1802,406
1697537924,6606,6211,8394,1812,406
1697538224,8043,6383,8396,1820,405
1697538524,8383,6487,8394,1828,406
1697538824,8125,6595,8391,1836,406
1697539124,8051,6684,8393,1845,406
1697539424,8673,6581,8389,1853,405
1697539724,10433,6684,8389,1862,406
1697540024,8627,6886,8392,1870,406
1697540324,8879,6888,8389,1878,405
1697540624,10846,6638,8388,1883,405
1697540924,8091,6911,8389,1891,407
1697541224,10164,7112,8387,1898,406
1697541524,10316,7030,8381,1906,406
1697541824,8074,7248,8391,1912,405
1697542124,8894,7388,8384,1920,407
1697542424,10729,7072,8379,1927,407
1697542724,11189,6304,8383,1933,406
1697543024,9738,6050,8383,1939,406
1697543324,11243,5950,8379,1943,407
1697543624,10519,6085,8379,1946,407
1697543924,14954,6236,8376,1953,407
1697544224,11337,6269,8377,1959,406
1697544524,17066,6212,8376,1965,407
1697544824,13756,6137,8372,1970,406
1697545124,14113,6421,8371,1976,407
1697545424,12996,6458,8372,1981,406
1697545724,13304,6662,8368,1985,406
1697546024,14977,6659,8371,1987,407
1697546324,24866,6497,8364,1992,406
1697546624,11234,6839,8372,1996,407
1697546924,34376,7002,8369,1998,406
1697547224,18427,7143,8371,2000,407
1697547524,16151,7356,8376,2000,407
1697547824,11819,7299,8371,1995,407
1697548124,13457,7560,8375,1990,407
1697548424,12076,7953,8371,1984,407
1697548724,11452,7612,8372,1978,407
1697549024,11980,7915,8369,1971,407
1697549324,15193,7941,8367,1966,407
1697549624,23469,8571,8363,1961,407
1697549924,25652,8632,8366,1961,407
1697550224,25189,8735,8364,1962,407
1697550524,13720,8761,8368,1962,407
1697550824,7299,8703,8364,1959,407
1697551124,16407,8886,8364,1952,407
1697551424,19860,8848,8363,1946,407
1697551724,15500,8990,8361,1942,407
1697552024,17725,9167,8365,1940,407
1697552324,32416,8806,8356,1941,407
1697552624,14336,9295,8361,1942,407
1697552924,37360,9136,8355,1940,407
1697553224,9469,9038,8364,1939,407
1697553524,17832,9134,8361,1932,407
1697553824,9016,9173,8366,1926,407
1697554124,25807,9327,8361,1920,406
1697554424,28195,9386,8360,1917,406
1697554724,33704,9519,8360,1916,408
1697555024,26851,9749,8363,1916,407
1697555324,20407,9721,8361,1915,408
1697555624,28038,9908,8362,1912,408
1697555924,18012,10012,8360,1910,408
1697556224,2116,10084,8366,1904,408
1697556524,3243,10260,8364,1898,406
1697556824,11821,10170,8361,1891,407
1697557124,4932,10484,8363,1884,406
1697557424,7986,10391,8363,1878,407
1697557724,10898,10276,8361,1874,409
1697558024,8526,10667,8364,1870,406
1697558324,9477,10693,8357,1866,406
1697558624,10433,11118,8360,1860,407
1697558924,6254,10768,8364,1854,407
1697559224,3736,8181,8364,1849,407
1697559524,4553,8380,8363,1843,407
1697559824,3156,8309,8361,1836,407
1697560124,2767,8530,8362,1829,407
1697560424,1868,8545,8365,1820,407
1697560724,1309,8460,8366,1812,407
1697561024,765,8576,8364,1806,407
1697561324,542,8934,8369,1800,407
1697561624,472,9195,8363,1793,407
1697561924,486,8962,8367,1785,407
1697562224,480,8851,8363,1776,407
1697562524,408,8997,8370,1768,407
1697562824,325,9329,8368,1760,407
1697563124,263,9381,8366,1753,407
1697563424,165,9416,8366,1745,406
1697563724,111,8636,8364,1740,407
1697564024,68,8937,8365,1734,407
1697564324,49,8737,8367,1727,407
1697564624,27,8720,8368,1720,406
1697564924,18,8787,8367,1716,406
1697565224,13,9263,8370,1710,407
1697565524,13,8962,8366,1704,406
1697565824,13,9327,8363,1701,406
1697566124,12,9582,8369,1695,407
1697566424,13,9584,8370,1691,407
1697566724,11,9386,8364,1687,406
1697567024,12,9461,8368,1683,406
1697567324,12,9310,8369,1679,406
1697567624,13,9484,8368,1675,406
1697567924,13,9485,8373,1670,405
1697568224,12,9177,8366,1667,405
1697568524,12,9499,8370,1662,405
1697568824,13,9088,8370,1659,406
1697569124,12,8932,8366,1656,407
1697569424,11,9080,8368,1653,406
1697569724,13,9315,8372,1650,406
1697570024,13,9322,8371,1646,406
1697570324,12,9416,8371,1644,406
1697570624,13,9431,8370,1641,407
1697570924,11,9458,8372,1637,407
1697571224,12,9620,8370,1635,406
1697571524,12,9610,8372,1633,407
1697571824,12,9363,8373,1631,406
1697572124,12,9412,8373,1628,407
1697572424,13,9995,8372,1626,405
1697572724,12,9733,8366,1624,405
1697573024,12,9947,8375,1620,406
1697573324,11,9349,8370,1619,407
1697573624,12,9783,8372,1617,405
1697573924,12,9797,8372,1615,407
1697574224,12,9690,8379,1612,405
1697574524,11,9362,8372,1610,406
1697574824,12,9508,8370,1609,406
1697575124,11,9633,8370,1607,404
1697575424,12,9781,8374,1606,405
1697575724,11,9589,8377,1604,405
1697576024,13,9703,8378,1602,407
1697576324,12,9609,8376,1601,406
1697576624,12,9663,8373,1599,407
1697576924,12,9827,8376,1597,406
1697577224,11,9483,8380,1596,405
1697577524,12,9905,8378,1594,406
1697577824,13,9839,8381,1592,407
1697578124,12,10090,8380,1591,406
1697578424,12,9822,8375,1589,406
1697578724,12,10253,8374,1588,406
1697579024,12,9938,8377,1587,406
1697579324,12,9821,8377,1585,406
1697579624,12,10235,8380,1584,406
1697579924,11,10199,8377,1583,406
1697580224,12,9860,8379,1582,406
1697580524,13,9777,8376,1580,406
1697580824,13,9892,8371,1579,405
1697581124,12,10064,8375,1578,405
1697581424,12,10018,8373,1576,406
1697581724,11,9954,8376,1575,405
1697582024,12,10018,8377,1573,405
1697582324,11,10041,8376,1572,406
1697582624,12,10113,8375,1571,406
1697582924,11,10092,8372,1569,408
1697583224,12,9869,8374,1566,405
1697583524,12,10051,8375,1565,406
1697583824,12,10127,8377,1563,405
1697584124,10,9888,8373,1562,406
1697584424,12,9673,8371,1560,406
1697584724,11,8867,8369,1558,455
1697585024,10,8569,8372,1557,455
1697585324,10,8800,8371,1556,406
1697585624,11,8549,8375,1554,406
1697585924,12,8577,8377,1553,406
1697586224,12,8617,8370,1551,453
1697586524,11,8703,8367,1549,455
1697586824,11,8790,8363,1548,455
1697587124,11,8659,8372,1547,455
