If found, please contact tlang@live.unc.edu
Firmware updated: 2023/03/14
OpenOBS SN:305

time,ambient_light,backscatter,pressure,water_temp,battery
1692921824,8,5070,8623,1829,416
1692922124,9,5037,8578,1828,408
1692922424,8,5161,8582,1826,407
1692922724,9,4733,8693,1826,408
1692923024,9,4612,8654,1826,408
1692923324,9,4463,8698,1826,407
1692923624,9,4927,8601,1825,407
1692923924,9,5327,8542,1825,388
1692924224,7,4405,8569,1825,389
1692924524,8,4244,8662,1824,389
1692924824,9,4324,8542,1823,389
1692925124,9,4300,8660,1821,389
1692925424,9,4597,8622,1820,388
1692925724,9,4253,8652,1820,389
1692926024,8,4250,8571,1820,388
1692926324,8,4265,8645,1820,389
1692926624,8,4183,8640,1820,389
1692926924,8,4479,8633,1824,389
1692927224,8,4602,8511,1825,389
1692927524,8,4523,8661,1824,389
1692927824,8,5047,8613,1826,390
1692928124,9,5406,8564,1828,389
1692928424,9,5794,8642,1829,387
1692928724,8,7410,8465,1831,389
1692929024,9,7458,8577,1831,390
1692929324,9,6215,8684,1831,390
1692929624,9,5523,8665,1829,387
1692929924,9,5258,8662,1828,388
1692930224,8,4962,8602,1827,389
1692930524,9,5273,8643,1826,387
1692930824,9,4735,8687,1825,389
1692931124,8,4623,8654,1824,389
1692931424,9,4694,8655,1821,388
1692931724,8,4593,8510,1820,389
1692932024,8,4439,8575,1820,389
1692932324,9,4388,8599,1819,389
1692932624,9,4182,8620,1818,389
1692932924,8,4609,8603,1817,389
1692933224,7,4323,8663,1816,390
1692933524,8,4326,8599,1815,389
1692933824,7,4134,8555,1814,389
1692934124,8,4017,8613,1812,389
1692934424,8,4112,8604,1812,389
1692934724,8,4009,8655,1810,389
1692935024,8,4078,8615,1808,389
1692935324,8,4044,8596,1807,389
1692935624,8,4060,8636,1806,389
1692935924,9,4065,8635,1804,389
1692936224,8,3985,8587,1804,389
1692936524,9,4086,8565,1803,389
1692936824,8,4104,8586,1803,388
1692937124,9,4340,8614,1802,389
1692937424,9,4042,8594,1802,389
1692937724,8,4020,8637,1801,388
1692938024,8,4039,8569,1800,389
1692938324,9,3988,8582,1800,389
1692938624,9,3926,8575,1799,391
1692938924,8,3922,8603,1798,388
1692939224,8,3884,8575,1796,391
1692939524,9,4249,8623,1795,388
1692939824,9,3837,8588,1795,387
1692940124,8,3997,8606,1794,390
1692940424,7,3794,8656,1793,389
1692940724,8,3833,8597,1792,390
1692941024,8,3896,8605,1791,389
1692941324,8,3853,8583,1790,389
1692941624,8,3802,8591,1789,390
1692941924,8,3818,8578,1787,389
1692942224,8,3784,8606,1787,389
1692942524,9,3760,8627,1786,389
1692942824,9,3754,8625,1785,390
1692943124,8,3821,8611,1784,389
1692943424,8,3690,8622,1783,389
1692943724,8,4023,8632,1782,388
1692944024,9,3706,8593,1782,388
1692944324,8,3729,8609,1781,388
1692944624,9,3683,8641,1779,389
1692944924,9,3903,8661,1779,389
1692945224,9,3792,8644,1779,389
1692945524,9,3711,8594,1779,389
1692945824,9,3707,8613,1778,389
1692946124,11,3675,8610,1778,389
1692946424,10,3676,8642,1778,389
1692946724,11,3695,8653,1777,389
1692947024,15,3623,8594,1777,389
1692947324,14,3659,8611,1777,389
1692947624,15,3766,8633,1777,389
1692947924,19,3603,8626,1777,390
1692948224,20,3644,8614,1777,389
1692948524,18,3594,8613,1777,388
1692948824,20,3662,8627,1777,388
1692949124,28,3620,8650,1777,389
1692949424,30,3592,8597,1778,389
1692949724,28,3613,8651,1778,389
1692950024,30,3586,8651,1779,389
1692950324,28,3627,8647,1779,389
1692950624,32,3662,8648,1779,388
1692950924,47,3596,8629,1781,388
1692951224,43,3733,8633,1781,388
1692951524,32,3703,8644,1783,389
1692951824,35,3675,8613,1783,388
1692952124,47,3613,8657,1784,388
1692952424,54,3647,8636,1786,388
1692952724,55,3641,8615,1787,389
1692953024,47,3612,8655,1790,391
1692953324,54,3656,8634,1791,389
1692953624,87,3579,8614,1793,389
1692953924,74,3607,8647,1795,390
1692954224,70,3549,8655,1798,389
1692954524,106,3561,8595,1800,389
1692954824,89,3561,8666,1802,389
1692955124,84,3549,8632,1804,389
1692955424,83,3586,8645,1804,390
1692955724,133,3542,8652,1804,390
1692956024,100,3556,8647,1804,389
1692956324,136,3545,8644,1807,390
1692956624,84,3734,8671,1807,390
1692956924,128,3535,8644,1807,390
1692957224,94,3535,8665,1809,390
1692957524,98,3557,8635,1809,390
1692957824,117,3523,8682,1809,390
1692958124,112,3559,8644,1808,390
1692958424,117,3545,8622,1807,390
1692958724,149,4032,8613,1807,389
1692959024,178,3510,8644,1808,389
1692959324,184,3530,8627,1809,391
1692959624,204,3541,8637,1811,391
1692959924,238,3497,8568,1812,390
1692960224,232,3536,8642,1815,390
1692960524,299,3491,8631,1817,391
1692960824,248,3517,8620,1820,391
1692961124,345,3493,8621,1823,391
1692961424,464,3487,8608,1826,390
1692961724,353,3486,8631,1832,389
1692962024,316,3474,8624,1836,390
1692962324,290,3553,8602,1839,389
1692962624,333,3510,8607,1842,389
1692962924,316,3509,8630,1845,390
1692963224,332,3477,8619,1848,390
1692963524,215,3509,8638,1846,389
1692963824,138,3476,8615,1844,392
1692964124,348,3479,8599,1842,389
1692964424,371,3497,8632,1842,389
1692964724,277,3464,8600,1840,391
1692965024,172,3472,8631,1837,389
1692965324,374,3484,8602,1834,389
1692965624,341,3465,8596,1837,391
1692965924,267,3482,8633,1842,389
1692966224,284,3452,8642,1844,389
1692966524,165,3427,8595,1842,389
1692966824,121,3451,8629,1839,391
1692967124,179,3428,8637,1834,390
1692967424,303,3438,8598,1831,391
1692967724,399,3416,8624,1829,391
1692968024,595,3428,8616,1829,391
1692968324,727,3453,8612,1832,391
1692968624,630,3391,8585,1835,391
1692968924,456,3405,8621,1834,391
1692969224,565,3416,8627,1832,391
1692969524,857,3408,8565,1831,391
1692969824,732,4320,8618,1831,390
1692970124,950,3424,8610,1834,391
1692970424,545,3404,8617,1834,391
1692970724,620,3370,8612,1833,391
1692971024,463,3372,8625,1833,391
1692971324,448,3386,8595,1829,391
1692971624,841,3366,8599,1827,391
1692971924,698,3394,8602,1827,392
1692972224,1476,3406,8609,1828,391
1692972524,1007,3396,8616,1837,390
1692972824,498,3528,8611,1844,390
1692973124,929,3404,8660,1854,391
1692973424,830,3392,8620,1864,391
1692973724,575,3395,8632,1860,391
1692974024,753,3442,8629,1852,391
1692974324,733,3383,8630,1846,391
1692974624,421,3400,8690,1844,391
1692974924,221,3384,8659,1840,391
1692975224,204,3373,8614,1837,391
1692975524,239,3413,8647,1834,391
1692975824,263,3364,8629,1833,391
1692976124,426,3426,8649,1829,390
1692976424,441,3369,8689,1831,391
1692976724,212,3481,8663,1832,392
1692977024,199,3477,8634,1831,392
1692977324,148,3492,8624,1829,391
1692977624,122,3518,8627,1825,392
1692977924,106,3485,8656,1821,391
1692978224,98,3454,8631,1820,392
1692978524,56,3510,8653,1820,393
1692978824,45,3545,8660,1820,391
1692979124,28,3656,8650,1821,391
1692979424,8,4323,8633,1821,391
1692979724,10,3881,8644,1823,391
1692980024,17,3772,8652,1820,391
1692980324,18,3732,8649,1820,391
1692980624,20,3671,8640,1820,391
1692980924,15,3651,8640,1820,391
1692981224,21,3631,8657,1819,391
1692981524,27,3926,8633,1818,390
1692981824,32,3634,8672,1816,391
1692982124,38,3652,8628,1814,392
1692982424,33,3645,8631,1812,391
1692982724,40,3590,8632,1811,391
1692983024,45,3494,8664,1807,392
1692983324,85,3496,8619,1804,392
1692983624,83,3436,8621,1803,391
1692983924,49,3469,8620,1800,391
1692984224,68,3403,8619,1796,392
1692984524,105,3399,8616,1795,391
1692984824,129,3477,8624,1795,391
1692985124,129,3409,8622,1793,391
1692985424,121,3390,8622,1792,391
1692985724,74,3395,8640,1790,390
1692986024,50,3404,8632,1789,390
1692986324,38,3356,8634,1787,390
1692986624,25,3353,8622,1785,390
1692986924,19,3344,8629,1784,391
1692987224,14,3372,8618,1781,390
1692987524,14,3326,8630,1779,390
1692987824,13,3320,8632,1779,391
1692988124,12,3346,8629,1777,391
1692988424,12,3328,8626,1776,391
1692988724,9,3337,8620,1775,391
1692989024,8,3329,8632,1774,391
1692989324,8,3295,8618,1773,391
1692989624,8,3291,8617,1770,391
1692989924,8,3299,8623,1770,391
1692990224,8,3303,8648,1769,391
1692990524,8,3299,8625,1769,390
1692990824,8,3296,8608,1768,391
1692991124,8,3278,8613,1767,387
1692991424,8,3275,8626,1766,391
1692991724,8,3311,8643,1765,392
1692992024,8,3280,8631,1764,391
1692992324,9,3268,8641,1764,392
1692992624,8,3280,8628,1762,391
1692992924,7,3285,8626,1762,392
1692993224,9,3291,8605,1762,391
1692993524,7,3265,8630,1761,392
1692993824,9,3283,8640,1761,392
1692994124,9,3254,8633,1760,390
1692994424,7,3256,8642,1759,391
1692994724,8,3257,8615,1759,393
1692995024,7,3253,8643,1758,391
1692995324,8,3250,8626,1758,390
1692995624,9,3284,8624,1757,392
1692995924,8,3306,8644,1757,392
1692996224,8,3271,8622,1757,392
1692996524,9,3272,8661,1756,391
1692996824,8,3285,8632,1756,392
1692997124,8,3256,8631,1756,391
1692997424,8,3242,8636,1756,391
1692997724,8,3244,8642,1756,391
1692998024,8,3245,8636,1756,391
1692998324,8,3256,8637,1754,391
1692998624,8,3274,8643,1754,391
1692998924,9,3278,8694,1754,391
1692999224,9,4697,8618,1754,391
1692999524,8,4284,8613,1754,392
1692999824,8,3812,8614,1754,391
1693000124,8,3650,8637,1754,392
1693000424,7,3660,8640,1754,391
1693000724,9,3611,8605,1753,391
1693001024,8,3617,8611,1753,393
1693001324,8,3608,8646,1753,392
1693001624,8,3456,8619,1752,391
1693001924,8,3436,8622,1752,393
1693002224,8,3367,8636,1752,390
1693002524,8,3335,8631,1751,392
1693002824,8,3320,8620,1751,391
1693003124,8,3324,8614,1751,393
1693003424,9,3281,8624,1751,392
1693003724,8,3309,8636,1752,391
1693004024,8,3352,8630,1753,392
1693004324,8,3354,8633,1754,392
1693004624,9,3348,8631,1756,391
1693004924,8,3401,8661,1757,391
1693005224,7,3358,8641,1758,392
1693005524,8,3368,8642,1759,392
1693005824,8,3386,8657,1760,392
1693006124,8,3451,8701,1759,391
1693006424,8,3403,8681,1761,391
1693006724,9,3540,8668,1762,392
1693007024,9,3582,8666,1762,392
1693007324,8,3516,8656,1762,393
1693007624,8,3547,8651,1762,392
1693007924,9,3633,8681,1762,392
