If found, please contact tlang@live.unc.edu
Firmware updated: 2023/03/14
OpenOBS SN:305

time,ambient_light,backscatter,pressure,water_temp,battery
1697846624,12,10545,8397,1531,402
1697846924,12,11428,8396,1530,393
1697847224,12,11044,8394,1529,393
1697847524,10,13038,8394,1528,393
1697847824,12,12374,8392,1526,393
1697848124,11,12634,8396,1524,393
1697848424,11,12185,8394,1523,392
1697848724,12,10856,8392,1522,392
1697849024,11,12407,8393,1521,393
1697849324,11,13248,8395,1520,391
1697849624,11,12771,8391,1519,393
1697849924,12,12021,8395,1518,392
1697850224,12,11023,8395,1517,393
1697850524,12,13710,8393,1516,393
1697850824,12,12207,8395,1515,392
1697851124,12,10206,8393,1514,393
1697851424,11,12208,8394,1513,393
1697851724,11,12889,8392,1512,392
1697852024,11,12395,8389,1511,392
1697852324,12,12795,8391,1510,393
1697852624,11,11617,8390,1510,393
1697852924,12,10926,8390,1509,393
1697853224,12,12091,8393,1508,392
1697853524,11,11101,8388,1508,393
1697853824,12,10915,8393,1507,393
1697854124,12,11746,8386,1506,393
1697854424,11,11791,8386,1506,393
1697854724,12,10639,8389,1505,392
1697855024,11,12196,8390,1504,394
1697855324,12,11481,8384,1503,394
1697855624,11,12126,8387,1502,391
1697855924,11,11481,8385,1501,392
1697856224,12,11771,8385,1500,392
1697856524,11,11453,8386,1500,391
1697856824,11,14127,8387,1499,394
1697857124,12,12797,8386,1498,394
1697857424,12,11690,8380,1497,394
1697857724,12,13431,8387,1496,394
1697858024,11,12552,8383,1495,392
1697858324,11,12497,8386,1495,394
1697858624,12,13100,8386,1494,393
1697858924,12,13136,8382,1493,391
1697859224,10,13122,8385,1492,392
1697859524,12,11331,8384,1491,392
1697859824,12,13914,8381,1490,393
1697860124,11,11425,8382,1489,393
1697860424,12,13849,8383,1488,393
1697860724,11,12781,8381,1486,393
1697861024,11,13868,8386,1485,394
1697861324,11,12583,8382,1485,394
1697861624,11,13220,8385,1484,394
1697861924,12,12242,8386,1484,393
1697862224,11,13718,8380,1483,394
1697862524,11,11585,8385,1482,394
1697862824,12,11296,8381,1481,393
1697863124,11,12548,8384,1480,394
1697863424,12,11415,8386,1479,393
1697863724,11,12326,8385,1479,393
1697864024,10,11937,8389,1478,394
1697864324,11,12193,8386,1477,394
1697864624,12,12486,8389,1476,393
1697864924,12,13205,8389,1475,394
1697865224,11,13035,8389,1474,394
1697865524,12,12698,8389,1473,393
1697865824,11,12508,8388,1473,393
1697866124,12,13649,8392,1472,395
1697866424,12,13945,8389,1471,392
1697866724,11,12838,8391,1471,394
1697867024,12,12470,8394,1470,394
1697867324,12,12099,8390,1469,392
1697867624,14,13589,8393,1469,392
1697867924,19,12774,8392,1468,392
1697868224,30,12173,8397,1468,393
1697868524,43,13154,8394,1467,395
1697868824,71,12801,8395,1467,394
1697869124,87,13902,8399,1466,394
1697869424,100,13227,8394,1465,446
1697869724,143,12597,8398,1465,394
1697870024,145,12791,8397,1465,392
1697870324,175,13354,8396,1465,394
1697870624,186,13914,8399,1465,394
1697870924,199,12784,8401,1465,394
1697871224,234,12574,8401,1466,394
1697871524,231,13951,8398,1466,394
1697871824,265,13319,8400,1468,394
1697872124,249,13061,8399,1470,393
1697872424,286,13486,8401,1472,394
1697872724,277,12631,8400,1474,394
1697873024,372,12860,8404,1477,394
1697873324,283,13257,8399,1480,447
1697873624,297,13429,8401,1484,447
1697873924,368,13200,8406,1490,394
1697874224,372,13048,8403,1496,394
1697874524,366,12769,8406,1501,394
1697874824,371,14143,8404,1507,394
1697875124,626,13709,8403,1514,393
1697875424,783,13132,8405,1521,393
1697875724,845,12687,8402,1530,393
1697876024,797,13190,8401,1538,393
1697876324,729,13586,8402,1546,394
1697876624,775,14115,8402,1554,394
1697876924,823,13402,8404,1563,393
1697877224,1096,13278,8407,1574,394
1697877524,951,13852,8409,1583,394
1697877824,1243,12876,8410,1592,394
1697878124,1199,12914,8405,1602,394
1697878424,1074,13531,8408,1612,395
1697878724,1429,12771,8403,1623,395
1697879024,1438,13142,8405,1632,395
1697879324,1319,13521,8405,1642,395
1697879624,1779,12772,8402,1653,394
1697879924,1384,14205,8403,1662,394
1697880224,1422,14229,8407,1675,394
1697880524,1323,14939,8400,1686,394
1697880824,1742,14301,8405,1696,395
1697881124,1492,14626,8404,1707,395
1697881424,2023,13213,8407,1718,395
1697881724,1902,15045,8404,1728,395
1697882024,1918,14294,8403,1739,394
1697882324,2130,13750,8398,1749,395
1697882624,2109,14565,8400,1760,395
1697882924,1947,15435,8403,1770,395
1697883224,1994,15465,8401,1779,395
1697883524,2383,15283,8399,1790,395
1697883824,3103,14422,8396,1801,395
1697884124,1934,16024,8398,1812,395
1697884424,2193,15686,8396,1820,396
1697884724,2472,15984,8396,1829,395
1697885024,3542,15566,8398,1837,396
1697885324,4165,16488,8399,1844,397
1697885624,3106,14059,8397,1852,394
1697885924,4313,15947,8397,1859,397
1697886224,2461,15467,8398,1866,396
1697886524,4592,14837,8397,1873,395
1697886824,3055,14581,8397,1879,395
1697887124,3347,16006,8395,1887,395
1697887424,5380,14672,8393,1894,395
1697887724,3243,15332,8397,1902,396
1697888024,3385,16693,8394,1910,396
1697888324,2900,14880,8393,1917,396
1697888624,3823,14938,8393,1925,396
1697888924,3366,14872,8392,1932,396
1697889224,2841,15332,8391,1937,396
1697889524,3461,15404,8388,1944,396
1697889824,2550,15170,8388,1951,396
1697890124,3643,15052,8390,1957,396
1697890424,3371,14164,8384,1962,396
1697890724,3392,14681,8384,1967,396
1697891024,3068,15384,8384,1973,396
1697891324,3173,14393,8382,1977,396
1697891624,4054,13893,8381,1979,396
1697891924,3883,15084,8380,1984,396
1697892224,3725,14653,8381,1987,396
1697892524,4346,14309,8378,1991,396
1697892824,4493,13435,8376,1994,396
1697893124,5464,14180,8376,1998,396
1697893424,4730,15613,8377,2000,397
1697893724,4636,16487,8379,2001,396
1697894024,4777,16291,8377,2002,396
1697894324,5605,15286,8376,2004,397
1697894624,3559,16755,8377,2004,396
1697894924,4054,16662,8376,2004,396
1697895224,6776,17709,8377,2003,396
1697895524,6608,15447,8376,2002,396
1697895824,7367,15764,8373,2002,396
1697896124,5080,15819,8371,2000,396
1697896424,8693,16449,8375,1998,396
1697896724,5154,16720,8375,1995,396
1697897024,6045,15568,8371,1994,399
1697897324,7633,16739,8368,1992,397
1697897624,8460,16184,8374,1987,399
1697897924,6778,15849,8372,1986,396
1697898224,9393,13988,8374,1983,399
1697898524,10447,16432,8371,1978,396
1697898824,5950,14929,8373,1973,397
1697899124,7120,16526,8374,1968,396
1697899424,7197,16455,8372,1962,396
1697899724,5665,14595,8371,1958,398
1697900024,8666,15849,8372,1953,396
1697900324,10229,15699,8373,1945,397
1697900624,10375,15398,8373,1939,396
1697900924,4630,15155,8372,1932,396
1697901224,10504,15815,8370,1925,396
1697901524,7036,16074,8369,1917,396
1697901824,8061,15349,8369,1909,397
1697902124,4423,15568,8375,1901,397
1697902424,5585,16105,8376,1894,397
1697902724,2618,15806,8374,1886,399
1697903024,2938,16087,8373,1878,398
1697903324,626,16007,8380,1870,395
1697903624,2682,16819,8376,1861,396
1697903924,1825,15074,8375,1852,398
1697904224,1282,15823,8376,1842,398
1697904524,989,16416,8375,1832,397
1697904824,650,16697,8377,1823,397
1697905124,579,16656,8377,1812,395
1697905424,795,16494,8376,1801,397
1697905724,507,16584,8377,1791,396
1697906024,356,17629,8379,1779,397
1697906324,252,15952,8381,1770,397
1697906624,275,15000,8379,1762,397
1697906924,188,16263,8383,1753,397
1697907224,144,16894,8380,1745,397
1697907524,127,16354,8382,1737,397
1697907824,98,16007,8385,1731,397
1697908124,108,17601,8383,1721,396
1697908424,71,16615,8383,1716,397
1697908724,54,17317,8384,1709,396
1697909024,35,17384,8382,1703,396
1697909324,25,17061,8388,1696,396
1697909624,24,15858,8386,1690,397
1697909924,19,15941,8389,1684,396
1697910224,15,15828,8387,1678,396
1697910524,13,15182,8386,1673,396
1697910824,12,16338,8385,1667,398
1697911124,13,16216,8387,1661,395
1697911424,13,15463,8387,1654,396
1697911724,13,16933,8388,1650,398
1697912024,13,15626,8388,1644,398
1697912324,12,16190,8391,1639,395
1697912624,12,15745,8388,1634,397
1697912924,13,16243,8390,1628,396
1697913224,12,16233,8393,1623,397
1697913524,12,15712,8395,1618,397
1697913824,12,15630,8393,1612,395
1697914124,11,15288,8394,1608,395
1697914424,12,16267,8393,1604,396
1697914724,12,16716,8396,1600,395
1697915024,12,16377,8398,1596,395
1697915324,11,15990,8396,1592,396
1697915624,13,15775,8398,1588,396
1697915924,12,16398,8398,1584,396
1697916224,12,16500,8398,1580,396
1697916524,12,16832,8402,1576,396
1697916824,12,16306,8402,1572,395
1697917124,12,17545,8402,1569,395
1697917424,13,16534,8400,1565,397
1697917724,12,16964,8401,1562,396
1697918024,12,17459,8404,1559,396
1697918324,11,16275,8403,1556,396
1697918624,11,16412,8406,1553,396
1697918924,12,16519,8403,1550,396
1697919224,12,16268,8403,1548,396
1697919524,12,16527,8404,1545,396
1697919824,12,16413,8405,1542,396
1697920124,12,16057,8406,1539,398
1697920424,11,16600,8405,1537,395
1697920724,12,16591,8404,1534,395
1697921024,12,16675,8405,1532,394
1697921324,11,16900,8403,1530,396
1697921624,12,16557,8408,1528,395
1697921924,12,16066,8409,1525,396
1697922224,12,16349,8409,1523,396
1697922524,11,16268,8403,1521,396
1697922824,12,15901,8408,1520,396
1697923124,12,16308,8407,1518,396
1697923424,12,16104,8405,1516,396
1697923724,11,16827,8410,1514,396
1697924024,10,15439,8406,1512,396
1697924324,11,16437,8409,1510,395
1697924624,13,15957,8407,1509,395
1697924924,12,16307,8406,1507,395
1697925224,12,16337,8407,1506,395
1697925524,12,16451,8407,1504,395
1697925824,13,15604,8404,1503,398
1697926124,12,16534,8402,1501,448
1697926424,11,16809,8410,1500,396
1697926724,12,16932,8405,1499,395
1697927024,10,15531,8406,1497,394
1697927324,11,15927,8406,1496,394
1697927624,12,16206,8405,1495,396
1697927924,11,16829,8406,1494,395
1697928224,12,15922,8408,1493,397
1697928524,11,16523,8409,1492,395
1697928824,11,16658,8406,1491,447
1697929124,12,17575,8410,1490,396
1697929424,12,15959,8403,1488,447
1697929724,11,17009,8402,1487,395
1697930024,12,15309,8405,1486,396
1697930324,12,16956,8404,1485,396
1697930624,12,16871,8402,1483,449
1697930924,12,16764,8401,1482,447
1697931224,11,16711,8404,1482,396
1697931524,11,15895,8405,1481,395
1697931824,12,15874,8407,1480,396
1697932124,11,15335,8402,1479,396
1697932424,11,15521,8402,1478,448
1697932724,12,15263,8404,1477,396
